# name :
# date :
# exptime :
# band :
# ra :
# dec :
# NUMBER :
# FLUX_AUTO :
# FLUXERR_AUTO :
# FLUX_BEST :
# FLUXERR_BEST :
# THRESHOLD :
# FLUX_MAX :
# X_IMAGE :
# Y_IMAGE :
# X2_IMAGE :
# Y2_IMAGE :
# XY_IMAGE :
# CXX_IMAGE :
# CYY_IMAGE :
# CXY_IMAGE :
# A_IMAGE :
# B_IMAGE :
# FLAGS :
#end
TYC_6391-1496-1 2458032.66608 60.0 CBPG_clear 337.346844748 -20.933835578 21.0 1426.044 101.8438 1426.044 101.8438 23.5944 200.7485 668.7 949.54 1.1567027474 0.89977357746 -0.0093293301158 0.86459863 1.1114837 0.017929235 1.076 0.948 0.0
TYC_6391-1496-1 2458032.66733 60.0 CBPG_clear 337.34684575 -20.9337587903 14.0 1134.467 91.79878 1134.467 91.79878 23.7894 196.1136 670.446 949.46 0.84638614636 0.86547775128 -0.088460744836 1.1942515 1.1679075 0.24412963 0.972 0.876 0.0
TYC_6391-1496-1 2458032.66993 60.0 r_clear 337.355780598 -20.9347002066 37.0 603.2693 80.59959 603.2693 80.59959 25.97087 100.7491 686.969 957.066 0.58631065709 0.59785710888 -0.0019100154929 1.7055982 1.6726578 0.010897986 0.773 0.766 0.0
TYC_6391-1496-1 2458032.67119 60.0 r_clear 337.356000113 -20.9346322502 22.0 1119.048 136.4292 1119.048 136.4292 25.93806 127.2371 662.501 956.972 0.95822828636 0.59802339996 0.035646873346 1.0459119 1.6758916 -0.12468906 0.981 0.771 0.0
TYC_6391-1496-1 2458032.67244 60.0 r_clear 337.356084032 -20.9345488573 36.0 1630.271 188.3515 1630.271 188.3515 26.03031 125.9839 662.524 956.533 0.96402294502 0.94290339536 -0.25960974165 1.1203922 1.1454873 0.61695558 1.101 0.833 0.0
TYC_6391-1496-1 2458032.67378 60.0 i_clear 337.351071218 -20.937091443 23.0 287.5343 48.55348 287.5343 48.55348 20.59246 164.8805 683.317 967.689 0.21643734361 0.44906261886 -0.058643377056 4.789752 2.3085449 1.2509936 0.68 0.45 0.0
TYC_6391-1496-1 2458032.67503 60.0 i_clear 337.356499692 -20.9345874907 45.0 1178.143 141.6864 1178.143 141.6864 20.6354 115.7937 663.959 956.513 1.495483519 1.0466893852 -0.27401721163 0.70237178 1.0035312 0.36775371 1.275 0.958 0.0
TYC_6391-1496-1 2458032.67628 60.0 i_clear 337.360911717 -20.9393655928 37.0 750.8422 65.02169 750.8422 65.02169 20.64376 641.8977 641.984 977.975 0.50684054777 0.5148375984 -0.019236577147 1.9758091 1.9451185 0.14764968 0.728 0.701 0.0
TYC_6391-1496-1 2458032.67874 60.0 i_clear 337.355886122 -20.9345867338 39.0 1355.72 90.61304 1355.72 90.61304 20.63465 185.7856 668.715 956.944 1.0633633462 1.1903994739 0.24201303853 0.9860366 0.88080955 -0.40093049 1.173 0.936 0.0
TYC_6391-1496-1 2458032.73069 60.0 CBPG_clear 337.33698872 -20.9112844233 67.0 1123.745 176.2935 1123.745 176.2935 25.52946 70.99609 699.917 852.679 0.51973290862 0.74545066284 -0.11274213626 1.9893302 1.3869736 0.60173357 0.89 0.688 0.0
TYC_6391-1496-1 2458032.73194 60.0 CBPG_clear 337.346651108 -20.9338781783 14.0 874.3939 83.54897 874.3939 83.54897 25.58037 198.1826 659.066 954.791 0.55284672688 0.66062019901 -0.018531120309 1.810522 1.5151536 0.10157425 0.815 0.741 0.0
TYC_6391-1496-1 2458032.73321 60.0 CBPG_clear 337.346646509 -20.9338990131 203.0 764.6852 81.42574 764.6852 81.42574 25.53458 181.7936 658.646 954.901 0.66926196955 0.49668027667 -0.10387813561 1.5443147 2.0809183 0.64597106 0.847 0.669 0.0
TYC_6391-1496-1 2458032.73456 60.0 r_clear 337.355878973 -20.9346239037 26.0 1629.802 123.1329 1629.802 123.1329 28.32369 204.9161 619.591 959.211 0.91480158214 1.3528848671 -0.082870769067 1.0992329 0.74328572 0.13466671 1.17 0.948 0.0
TYC_6391-1496-1 2458032.73581 60.0 r_clear 337.35584018 -20.9346210292 25.0 1335.106 151.5687 1335.106 151.5687 28.36499 177.299 619.482 959.449 0.91120970236 1.0798513723 0.27345146986 1.1877 1.0022155 -0.60152411 1.132 0.842 0.0
TYC_6391-1496-1 2458032.73706 60.0 r_clear 337.355877649 -20.9345992871 27.0 1602.832 129.7688 1602.832 129.7688 28.55316 240.1904 618.991 959.64 0.97763204721 1.3075315713 -0.068756806403 1.0266767 0.76763886 0.107976 1.149 0.982 0.0
TYC_6391-1496-1 2458032.73838 60.0 i_clear 337.355883727 -20.9346601622 156.0 2141.204 169.4677 2141.204 169.4677 22.63397 193.3864 619.412 959.477 1.1048620021 1.4977726405 -0.017977355165 0.90526718 0.66778851 0.021731349 1.224 1.051 0.0
TYC_6391-1496-1 2458032.73964 60.0 i_clear 337.355877812 -20.934641186 24.0 2044.413 159.4037 2044.413 159.4037 22.59296 178.0424 618.975 959.558 1.3281519963 1.8358805396 0.11414800248 0.75697094 0.54762411 -0.09413109 1.364 1.142 0.0
TYC_6391-1496-1 2458032.74089 60.0 i_clear 337.355827065 -20.9346517229 36.0 1796.713 138.0255 1796.713 138.0255 22.63977 172.2316 619.042 959.821 1.2097379853 1.6051306217 -0.18228931277 0.84101743 0.6338492 0.19102307 1.295 1.067 0.0
TYC_6391-1496-1 2458032.76396 60.0 CBPG_clear 337.355905108 -20.9175640012 29.0 630.3593 129.3651 630.3593 129.3651 27.54651 62.22009 611.773 884.57 0.52274958188 0.24513089442 0.11668889329 2.1403995 4.5644712 -2.0377753 0.752 0.45 0.0
TYC_6391-1496-1 2458032.76521 60.0 CBPG_clear 337.346551489 -20.9339121952 11.0 223.9153 103.6145 223.9153 103.6145 27.81736 437.0001 650.606 958.231 1.1735303572 1.1633076965 0.87402840073 1.9348112 1.9518136 -2.9073648 1.429 0.543 0.0
TYC_6391-1496-1 2458032.76646 60.0 CBPG_clear 337.337048292 -20.9262159451 17.0 1141.163 111.4353 1141.163 111.4353 27.81789 712.1214 690.005 924.059 0.52417523001 0.52696675556 0.0044127909482 1.9078934 1.8977867 -0.031953193 0.728 0.722 0.0
TYC_6391-1496-1 2458032.76782 60.0 r_clear 337.355839614 -20.9346452447 29.0 1575.635 124.7574 1575.635 124.7574 30.65861 206.5927 610.489 962.578 1.0073796882 1.0141709536 0.0023357613935 0.99267966 0.98603231 -0.0045725284 1.007 1.003 0.0
TYC_6391-1496-1 2458032.76907 60.0 r_clear 337.347689724 -20.9475531188 6.0 714.0779 180.4313 714.0779 180.4313 30.73012 74.78778 644.792 1021.189 1.4008307345 0.15312952153 0.22798205595 0.94214582 8.6187611 -2.8053682 1.2 0.336 0.0
TYC_6391-1496-1 2458032.77032 60.0 r_clear 337.35581947 -20.9345650862 24.0 1492.647 134.177 1492.647 134.177 30.99502 172.524 610.352 963.366 0.88842325019 1.3459278018 -0.18061038488 1.1571568 0.76381886 0.31055832 1.187 0.909 0.0
TYC_6391-1496-1 2458032.77167 60.0 i_clear 337.363904158 -20.9363116644 27.0 396.2885 62.08273 396.2885 62.08273 24.45824 351.1619 577.128 970.871 0.37280044472 0.39208858438 -0.081664855354 2.8106377 2.6723731 1.1708084 0.682 0.548 0.0
TYC_6391-1496-1 2458032.77292 60.0 i_clear 337.353865353 -20.940294773 20.0 541.2723 76.28413 541.2723 76.28413 24.57971 375.3768 618.967 989.016 0.52716411947 0.52377715418 -0.0033212272584 1.8970182 1.9092852 0.02405767 0.727 0.722 0.0
TYC_6391-1496-1 2458032.77417 60.0 i_clear 337.355881179 -20.9346764217 21.0 1852.628 129.7748 1852.628 129.7748 24.66574 193.1886 609.938 964.087 1.2109367344 2.1092480999 0.09216095545 0.82856226 0.47568443 -0.072405986 1.456 1.096 0.0
TYC_6391-1496-1 2458035.71248 60.0 CBPG_clear 337.356736128 -20.9476942669 17.0 158609.7 266.4307 158609.7 266.4307 17.84475 18204.97 688.806 935.981 3.0333044596 3.7142186038 0.098720385271 0.32995889 0.26946872 -0.017539985 1.931 1.738 0.0
TYC_6391-1496-1 2458035.71373 60.0 CBPG_clear 337.357320445 -20.9476586042 8.0 157678.6 263.1027 157678.6 263.1027 17.90116 22045.28 688.242 936.281 2.5942968157 3.5351111652 0.04951621228 0.38556397 0.28295219 -0.01080117 1.881 1.61 0.0
TYC_6391-1496-1 2458035.71498 60.0 CBPG_clear 337.356533192 -20.9475807015 14.0 156608.6 263.7875 156608.6 263.7875 17.90394 21739.83 687.732 936.385 2.7491893416 3.5938377298 0.020571207188 0.36375916 0.27826598 -0.0041643311 1.896 1.658 0.0
TYC_6391-1496-1 2458035.71634 60.0 r_clear 337.346832124 -20.949298147 39.0 3174.695 66.3269 3174.695 66.3269 18.92002 3250.275 731.998 944.999 0.497420508 0.49884323515 0.0023332492103 2.0104156 2.0046818 -0.018806713 0.708 0.704 0.0
TYC_6391-1496-1 2458035.71759 60.0 r_clear 337.356205814 -20.9345507587 104.0 1582.133 82.88377 1582.133 82.88377 18.888 377.0792 691.845 878.837 0.90586732448 1.2109065496 0.19830412701 1.1449612 0.85653424 -0.37500918 1.144 0.899 0.0
TYC_6391-1496-1 2458035.71884 60.0 r_clear 337.356159148 -20.9345833284 84.0 1435.594 82.46699 1435.594 82.46699 19.09834 272.4297 691.733 879.284 1.0026397118 0.98492352735 0.14507469966 1.0190866 1.0374173 -0.30021352 1.067 0.921 0.0
TYC_6391-1496-1 2458035.72019 60.0 i_clear 337.348982322 -20.950393522 33.0 836.234 53.92514 836.234 53.92514 16.78384 979.5255 721.991 950.005 0.49638040377 0.48572463078 0.045336794697 2.0319061 2.0764818 -0.37931001 0.733 0.667 0.0
TYC_6391-1496-1 2458035.72144 60.0 i_clear 337.36060821 -20.9573165565 26.0 866.3688 87.9054 866.3688 87.9054 16.84263 333.5432 672.927 981.022 0.53399345871 0.53746921988 0.003269184802 1.8727518 1.860641 -0.022782223 0.734 0.729 0.0
TYC_6391-1496-1 2458035.72269 60.0 i_clear 337.356079326 -20.9345954496 100.0 1834.044 84.60324 1834.044 84.60324 17.16351 439.0536 691.33 879.549 1.4497376748 1.1222036419 0.1402559978 0.69822258 0.90201056 -0.17453143 1.225 1.035 0.0
TYC_6391-1496-1 2458035.74424 80.0 CBPG_clear 337.356398385 -20.9478833647 11.0 197779.0 292.7085 197779.0 292.7085 20.57317 39394.12 681.706 939.718 2.3591995161 3.2244462351 -0.015193886406 0.42388546 0.31014019 0.0039947741 1.796 1.536 0.0
TYC_6391-1496-1 2458035.74572 80.0 CBPG_clear 337.357097334 -20.9474537893 7.0 197797.7 294.8708 197797.7 294.8708 20.63987 32340.26 680.981 939.96 2.3227755447 3.1453257312 -0.021076701984 0.4305456 0.31795144 0.005770138 1.774 1.524 0.0
TYC_6391-1496-1 2458035.74721 80.0 CBPG_clear 337.356340807 -20.9476764357 10.0 193702.2 292.0426 193702.2 292.0426 20.77733 26334.3 680.576 940.402 2.5000103492 3.2100772369 -0.023862471845 0.40002674 0.31154108 0.0059472877 1.792 1.581 0.0
TYC_6391-1496-1 2458035.74856 60.0 r_clear 337.355901154 -20.934592272 78.0 1430.663 81.37528 1430.663 81.37528 20.16575 381.9119 684.612 882.882 0.81826213515 0.97120110764 -0.085740988018 1.2335131 1.0392668 0.21779759 1.005 0.883 0.0
TYC_6391-1496-1 2458035.74981 60.0 r_clear 337.355888032 -20.9345381839 88.0 1505.299 81.71316 1505.299 81.71316 20.21529 438.8675 684.143 882.921 0.85065123624 0.86601674071 0.0034520427881 1.175589 1.1547308 -0.0093720667 0.931 0.922 0.0
TYC_6391-1496-1 2458035.75106 60.0 r_clear 337.351715563 -20.9542787958 32.0 283.3987 57.55574 283.3987 57.55574 20.05678 68.14902 701.141 972.149 0.43591288475 0.4251063084 0.11254593265 2.462347 2.5249419 -1.3038015 0.737 0.564 0.0
TYC_6391-1496-1 2458035.7524 60.0 i_clear 337.355916895 -20.934563538 58.0 2129.922 92.86516 2129.922 92.86516 17.99314 324.838 683.95 883.186 1.0883779819 2.0277098549 -0.32765812933 0.96578079 0.51838511 0.31212151 1.46 0.993 0.0
TYC_6391-1496-1 2458035.75365 60.0 i_clear 337.368843996 -20.9536131619 28.0 472.4777 56.50209 472.4777 56.50209 18.03269 380.2906 629.065 969.012 0.50347408345 0.53458677048 -0.010044311058 1.9869443 1.8713051 0.074665099 0.733 0.707 0.0
TYC_6391-1496-1 2458035.7549 60.0 i_clear 337.347917922 -20.9476467432 42.0 845.4734 128.13 845.4734 128.13 18.08508 55.85199 716.401 942.275 1.796971766 0.36041590177 0.061477605274 0.55975831 2.7908587 -0.1909605 1.341 0.598 0.0
TYC_6391-1496-1 2458039.59955 80.0 CBPG_clear 337.346727223 -20.9335378372 11.0 569.5951 61.99321 569.5951 61.99321 16.83583 79.87391 820.018 918.827 0.56236859996 0.7488447988 0.043256108197 1.786129 1.3413498 -0.20634714 0.871 0.744 0.0
TYC_6391-1496-1 2458039.60103 80.0 CBPG_clear 337.346756152 -20.9335560345 11.0 724.4256 70.53902 724.4256 70.53902 16.74273 80.61241 818.206 918.406 0.80489779498 1.1506421955 0.032060113655 1.2437742 0.87004548 -0.069310062 1.074 0.896 0.0
TYC_6391-1496-1 2458039.60252 80.0 CBPG_clear 337.35896967 -20.9495015561 6.0 173.9468 37.60417 173.9468 37.60417 16.6548 206.8146 765.973 989.972 0.30374843682 0.33876773901 -0.00073339652721 3.2922151 2.9518905 0.0142546 0.582 0.551 0.0
TYC_6391-1496-1 2458039.60388 60.0 r_clear 337.352096711 -20.9542079147 20.0 313.5129 81.77844 313.5129 81.77844 15.58279 35.99055 795.611 1010.608 0.52634600684 0.76786087354 0.099338725992 1.9474406 1.3349131 -0.50388366 0.896 0.701 0.0
TYC_6391-1496-1 2458039.60513 60.0 r_clear 337.351924511 -20.9541682073 13.0 330.4988 72.39678 330.4988 72.39678 15.67288 51.05244 795.581 1010.277 0.24339092083 0.51770573539 -0.1121624091 4.5643215 2.1458414 1.9777462 0.747 0.451 0.0
TYC_6391-1496-1 2458039.60638 60.0 r_clear 337.35197044 -20.9542397929 13.0 347.6909 52.27678 347.6909 52.27678 15.66335 44.32806 795.143 1010.465 0.35346663163 0.79269714303 0.059068330224 2.864795 1.2774228 -0.42694402 0.895 0.588 0.0
TYC_6391-1496-1 2458039.60771 60.0 i_clear 337.369112571 -20.9430333826 47.0 353.8236 48.08562 353.8236 48.08562 15.33304 418.111 723.038 960.054 0.48237613993 0.4863467837 -0.023495663942 2.0779607 2.0609958 0.20077471 0.713 0.679 0.0
TYC_6391-1496-1 2458039.60896 60.0 i_clear 337.343955315 -20.9476543099 29.0 845.5963 131.671 845.5963 131.671 15.53543 34.37208 828.842 980.354 1.6663537537 0.42053407597 0.48861914728 0.91022748 3.6067493 -2.1151893 1.355 0.502 0.0
