# WAVE RELTPT CHARGE
6.500000000000000000e+02 5.380578737878433278e-03 8.112469999999999850e-07
6.530000000000000000e+02 3.290019277336446273e-03 4.227019999999999955e-07
6.560000000000000000e+02 9.328047295154401689e-03 5.028370000000000444e-07
6.590000000000000000e+02 7.943662964882206023e-03 6.297890000000000022e-07
6.620000000000000000e+02 7.191588255558307649e-03 6.516979999999999902e-07
6.650000000000000000e+02 9.369471498411378885e-03 6.026110000000000483e-07
6.680000000000000000e+02 9.539293132775135409e-03 5.450050000000000022e-07
6.710000000000000000e+02 9.352309857133761159e-03 6.144900000000000450e-07
6.740000000000000000e+02 4.389776903167480655e-03 1.048870000000000048e-06
6.770000000000000000e+02 3.500668807217789669e-02 1.603260000000000024e-07
6.800000000000000000e+02 4.290530756238442392e-03 1.295020000000000012e-06
6.830000000000000000e+02 6.787004105610301014e-03 8.555970000000000347e-07
6.860000000000000000e+02 7.580822106685738450e-03 7.523250000000000349e-07
6.890000000000000000e+02 5.107044437149746777e-03 1.232389999999999986e-06
6.920000000000000000e+02 5.129958882137375734e-03 1.030049999999999989e-06
6.950000000000000000e+02 4.509401797155836687e-03 1.294030000000000001e-06
6.980000000000000000e+02 1.055157647037587021e-01 5.731600000000000184e-08
7.010000000000000000e+02 3.587858644664121410e-02 1.697190000000000125e-07
7.040000000000000000e+02 3.586097343303473652e-03 1.755819999999999903e-06
7.070000000000000000e+02 2.967518165425812524e-03 2.244979999999999976e-06
7.100000000000000000e+02 1.235405078662191874e-02 5.198660000000000045e-07
7.130000000000000000e+02 8.118842914672966954e-03 8.929560000000000188e-07
7.160000000000000000e+02 1.420136344363585879e-02 6.581080000000000059e-07
7.190000000000000000e+02 1.573572402116945601e-01 3.622359999999999886e-08
7.220000000000000000e+02 5.995410505085118080e-01 1.231839999999999998e-08
7.250000000000000000e+02 2.299102389162727689e-01 9.140539999999999870e-08
7.280000000000000000e+02 3.804364389811031311e-01 2.154779999999999923e-07
7.310000000000000000e+02 6.233436431411099043e-01 1.244619999999999931e-07
7.340000000000000000e+02 7.302221448620622724e-01 2.713450000000000253e-07
7.370000000000000000e+02 7.420151383160304981e-01 8.655620000000000317e-07
7.400000000000000000e+02 7.255695949483326190e-01 1.050529999999999918e-06
7.430000000000000000e+02 7.233669876164099399e-01 2.923070000000000247e-07
7.460000000000000000e+02 7.372089771328174113e-01 1.317560000000000053e-07
7.490000000000000000e+02 7.116231129657348831e-01 6.064660000000000521e-07
7.520000000000000000e+02 7.304632552676451063e-01 6.561570000000000435e-07
7.550000000000000000e+02 7.649106966917003092e-01 5.858809999999999772e-07
7.580000000000000000e+02 8.025205976586835543e-01 7.102710000000000475e-07
7.610000000000000000e+02 8.366636460756520233e-01 8.332150000000000134e-07
7.640000000000000000e+02 8.839336864089317736e-01 7.148390000000000392e-07
7.670000000000000000e+02 9.243737610058750942e-01 7.436290000000000210e-07
7.700000000000000000e+02 9.605045256186133251e-01 6.410970000000000132e-07
7.730000000000000000e+02 9.848087196113642916e-01 4.015339999999999743e-07
7.750000000000000000e+02 4.995020723674866159e-01 3.513738999999999936e-06
7.760000000000000000e+02 9.999476341913571265e-01 2.790640000000000165e-07
7.790000000000000000e+02 9.815860701477339134e-01 8.218099999999999718e-07
7.820000000000000000e+02 9.671331162681220395e-01 5.472300000000000105e-07
7.850000000000000000e+02 9.438132994314033519e-01 7.278159999999999575e-07
7.880000000000000000e+02 9.211601744062116737e-01 6.724599999999999745e-07
7.910000000000000000e+02 8.957047175451908760e-01 5.456859999999999538e-07
7.940000000000000000e+02 8.683510605414830330e-01 7.637290000000000488e-07
7.970000000000000000e+02 8.406202384837926367e-01 8.239149999999999500e-07
8.000000000000000000e+02 8.127716471569126355e-01 8.028419999999999571e-07
8.030000000000000000e+02 8.419280279650143139e-01 9.852409999999999481e-08
8.060000000000000000e+02 7.864027374088748967e-01 1.731190000000000032e-07
8.090000000000000000e+02 7.349582688538744968e-01 6.296100000000000375e-07
8.120000000000000000e+02 7.030488304138873268e-01 7.828380000000000382e-07
8.150000000000000000e+02 6.765846158564245982e-01 7.392229999999999484e-07
8.180000000000000000e+02 6.503001566818598089e-01 7.952779999999999563e-07
8.210000000000000000e+02 6.269688499456501640e-01 5.851249999999999670e-07
8.240000000000000000e+02 6.033506797226754204e-01 6.827450000000000166e-07
8.270000000000000000e+02 5.785941306994888400e-01 7.311459999999999747e-07
8.300000000000000000e+02 5.566233340609899605e-01 7.422760000000000486e-07
8.330000000000000000e+02 5.282465713421106157e-01 7.347089999999999650e-07
8.360000000000000000e+02 5.077139085161743726e-01 5.264290000000000084e-07
8.390000000000000000e+02 4.770368661686969491e-01 8.239520000000000184e-07
8.420000000000000000e+02 4.554765269251279669e-01 5.787919999999999592e-07
8.450000000000000000e+02 4.306732319610309112e-01 7.313719999999999663e-07
8.480000000000000000e+02 4.100709597007998752e-01 7.928279999999999840e-07
8.500000000000000000e+02 2.100346877514517874e-01 1.012573999999999972e-06
8.510000000000000000e+02 3.896514072315753197e-01 8.392760000000000304e-07
8.540000000000000000e+02 3.736482426414355906e-01 6.898640000000000157e-07
8.570000000000000000e+02 3.564059834010984140e-01 6.946719999999999619e-07
8.600000000000000000e+02 3.397063144806033996e-01 5.822120000000000256e-07
8.630000000000000000e+02 3.242746831962943777e-01 6.764219999999999672e-07
8.660000000000000000e+02 3.077271861663832819e-01 7.777759999999999628e-07
8.690000000000000000e+02 2.873189044880438692e-01 6.639069999999999905e-07
8.720000000000000000e+02 2.638307200749240300e-01 7.114989999999999577e-07
8.750000000000000000e+02 2.378735096735877241e-01 5.568160000000000277e-07
8.780000000000000000e+02 2.016144602217888604e-01 6.250479999999999997e-07
8.810000000000000000e+02 1.668017604486289607e-01 7.029919999999999729e-07
8.840000000000000000e+02 1.318589927490367020e-01 6.483920000000000001e-07
8.870000000000000000e+02 1.079240448301389127e-01 6.787100000000000205e-07
8.900000000000000000e+02 7.959932364816540984e-02 6.345219999999999957e-07
8.930000000000000000e+02 6.202689728418413206e-02 7.261359999999999583e-07
8.960000000000000000e+02 4.904875555593778830e-02 6.164030000000000172e-07
8.990000000000000000e+02 3.680263535899548633e-02 7.353339999999999590e-07
9.020000000000000000e+02 2.970305092395894922e-02 6.306830000000000101e-07
9.050000000000000000e+02 2.408520062706814846e-02 7.470280000000000371e-07
9.080000000000000000e+02 2.042424779988960548e-02 1.157150000000000009e-06
9.110000000000000000e+02 1.787828260444469103e-02 2.484810000000000186e-06
9.140000000000000000e+02 1.652666481647744462e-02 6.972739999999999583e-06
9.170000000000000000e+02 1.669841721950444252e-02 6.928609999999999889e-06
9.200000000000000000e+02 1.646652973664554376e-02 6.846750000000000134e-06
9.230000000000000000e+02 1.697468138352378059e-02 3.684429999999999806e-06
9.260000000000000000e+02 1.753283427280159790e-02 3.015740000000000030e-06
9.290000000000000000e+02 1.746287823295677999e-02 2.889180000000000093e-06
9.320000000000000000e+02 1.751112699855894572e-02 3.335919999999999818e-06
9.350000000000000000e+02 1.659615771003194323e-02 6.864720000000000235e-06
9.380000000000000000e+02 1.647400677072794264e-02 6.833439999999999918e-06
9.410000000000000000e+02 1.643194324118398691e-02 6.810349999999999940e-06
9.440000000000000000e+02 1.659190465526192912e-02 6.749400000000000126e-06
9.470000000000000000e+02 1.640469427262053123e-02 6.780909999999999592e-06
9.500000000000000000e+02 1.661911032880150629e-02 6.715829999999999700e-06
9.530000000000000000e+02 1.658116118450088383e-02 6.653379999999999985e-06
9.560000000000000000e+02 1.645601475469945715e-02 6.852059999999999749e-06
9.590000000000000000e+02 1.643743683536868366e-02 6.886840000000000118e-06
9.620000000000000000e+02 1.653050283166915269e-02 6.878970000000000141e-06
9.650000000000000000e+02 1.671743320971011762e-02 5.477450000000000386e-06
9.680000000000000000e+02 1.820588170564631236e-02 1.801019999999999910e-06
9.710000000000000000e+02 1.971217717346914616e-02 1.260000000000000007e-06
9.740000000000000000e+02 2.042896434072524053e-02 1.242369999999999974e-06
9.770000000000000000e+02 2.096905421343125270e-02 1.146759999999999927e-06
9.800000000000000000e+02 2.062073886078765600e-02 1.101080000000000010e-06
9.830000000000000000e+02 2.107413283459457290e-02 8.649490000000000513e-07
9.860000000000000000e+02 2.554884879268921535e-02 6.165370000000000104e-07
9.890000000000000000e+02 2.733790442021216335e-02 5.304249999999999868e-07
9.920000000000000000e+02 2.794466994484145345e-02 5.029130000000000247e-07
9.950000000000000000e+02 2.827269989821040025e-02 5.147350000000000362e-07
9.980000000000000000e+02 2.789363154210288548e-02 5.393560000000000288e-07
