# wavelength throughput charge
5.313767579837348194e+02 8.439572554763442869e-03 2.584850000000000015e-07
5.353715370530125028e+02 1.364925158199764565e-02 1.497619999999999880e-07
5.393660987258301702e+02 8.560311593452068005e-03 2.494689999999999954e-07
5.433604468866906245e+02 9.859790424253375707e-03 2.346790000000000065e-07
5.473545854200962140e+02 1.053195449253768734e-02 2.153460000000000014e-07
5.513485182105499689e+02 1.539895431925120649e-02 1.716639999999999945e-07
5.553422491425545786e+02 3.037244223831964823e-02 1.825540000000000080e-07
5.593357821006122776e+02 1.012911552301222068e-01 1.982890000000000096e-07
5.633291209692263237e+02 2.433135108389733736e-01 1.739820000000000024e-07
5.673222696328989514e+02 4.066504286630879816e-01 1.992890000000000053e-07
5.713152319761333047e+02 5.379242866889478725e-01 2.099259999999999966e-07
5.753080118834315044e+02 6.360186296899807967e-01 1.966720000000000024e-07
5.793006132392965810e+02 7.158150158320168988e-01 1.090809999999999959e-07
5.832930399282312237e+02 7.436616996280355218e-01 1.754399999999999881e-07
5.872852958347380081e+02 7.619567407624534550e-01 2.425909999999999784e-07
5.912773848433196235e+02 7.783461573801848665e-01 2.138750000000000010e-07
5.952693108384787593e+02 7.918951895699015697e-01 1.694840000000000107e-07
5.992610777047182182e+02 7.922444859170141296e-01 1.616390000000000090e-07
6.032526893265403487e+02 7.981767145018187071e-01 1.762189999999999979e-07
6.072441495884481810e+02 7.871579583348825571e-01 1.901529999999999955e-07
6.112354623749442908e+02 7.847928110623979547e-01 1.745829999999999957e-07
6.152266315705314810e+02 7.800588489379436385e-01 1.439509999999999898e-07
6.192176610597122135e+02 7.717859408038135749e-01 1.717299999999999899e-07
6.232085547269891777e+02 7.635934097689953681e-01 1.427510000000000055e-07
6.271993164568650627e+02 7.496159307612999534e-01 1.938869999999999944e-07
6.311899501338427854e+02 7.389553712620551273e-01 2.048480000000000089e-07
6.351804596424248075e+02 7.288967027687343059e-01 1.391009999999999960e-07
6.391708488671138184e+02 7.170716573147106754e-01 1.635230000000000012e-07
6.431611216924127348e+02 7.018522937260168737e-01 2.027829999999999967e-07
6.471512820028237911e+02 6.933207306299516981e-01 1.591810000000000011e-07
6.511413336828499041e+02 6.826097025955373265e-01 1.409709999999999989e-07
6.551312806169939904e+02 6.615026076541314914e-01 1.442710000000000085e-07
6.591211266897583982e+02 6.501087837409664782e-01 1.418920000000000109e-07
6.631108757856460443e+02 6.388881276671029008e-01 1.463440000000000034e-07
6.671005317891592767e+02 6.198702938348252811e-01 1.545150000000000042e-07
6.710900985848011260e+02 6.090294327460930024e-01 1.368490000000000100e-07
6.750795800570742813e+02 5.999161489191522367e-01 1.005719999999999956e-07
6.790689800904810909e+02 6.008756992706638655e-01 5.252130000000000060e-08
6.830583025695244714e+02 5.566917492078018448e-01 1.341200000000000125e-07
6.870475513787071122e+02 5.465324003740514858e-01 9.837030000000000306e-08
6.910367304025315889e+02 5.317720298412955682e-01 7.011790000000000082e-08
6.950258435255007043e+02 5.265934342907550025e-01 5.464570000000000207e-08
6.990148946321170342e+02 2.227374062815090650e+00 1.090669999999999916e-09
7.030038876068832678e+02 5.150492817210300389e-01 3.711449999999999793e-08
7.069928263343022081e+02 5.314372897498069737e-01 2.523530000000000032e-08
7.109817146988763170e+02 6.520698303663483575e-01 1.023060000000000063e-08
7.149705565851086249e+02 5.205637002657971246e-01 2.141349999999999848e-08
7.189593558775014799e+02 2.844060611736056288e+00 9.841770000000000850e-10
7.229481164605576851e+02 -2.676998720200439497e+00 1.861539999999999964e-09
7.269368422187798160e+02 9.874767312532917174e-01 3.837219999999999701e-09
7.309255370366709030e+02 8.209368580646407842e-01 5.248029999999999712e-09
7.349142047987331807e+02 5.144253703468979477e-01 1.448510000000000078e-08
7.389028493894695657e+02 3.287298789230609364e-01 7.926149999999999807e-08
7.428914746933827473e+02 3.635821255222052573e-01 3.320999999999999761e-08
7.468800845949753011e+02 5.357846202818015158e-01 9.645019999999999435e-09
7.508686829787500301e+02 2.844211552540177879e-01 7.221269999999999652e-08
7.548572737292096235e+02 2.648220903372721091e-01 9.710980000000000312e-08
7.588458607308565433e+02 2.446440942617804648e-01 1.096230000000000016e-07
7.628344478681935925e+02 2.344013660534461918e-01 9.757109999999999945e-08
7.668230390257236877e+02 2.153803041428744014e-01 1.253749999999999960e-07
7.708116380879491771e+02 2.110720643390917306e-01 1.013730000000000039e-07
7.748002489393729775e+02 2.660250028657116239e-01 3.673690000000000122e-08
7.787888754644976643e+02 1.975265432738285976e-01 6.535520000000000278e-08
7.827775215478256996e+02 1.760104428731992798e-01 1.194260000000000002e-07
7.867661910738602273e+02 1.565293324696150346e-01 1.491109999999999910e-07
7.907548879271035958e+02 1.459095126559659117e-01 1.703650000000000038e-07
7.947436159920586078e+02 1.511859608069747174e-01 1.083760000000000038e-07
7.987323791532279529e+02 1.463239208585583873e-01 1.013179999999999944e-07
8.027211812951142065e+02 3.777545221572770617e-01 1.626569999999999854e-08
8.067100263022200579e+02 3.583221014125907988e-01 1.929310000000000155e-08
8.106989180590483102e+02 1.191363937852072952e-01 1.222570000000000074e-07
8.146878604501016525e+02 1.258227986707564638e-01 9.715780000000000461e-08
8.186768573598827743e+02 1.230725244375105026e-01 9.893980000000000031e-08
8.226659126728941374e+02 9.966910577768801904e-02 1.362640000000000084e-07
8.266550302736385447e+02 1.068065698013899445e-01 1.261429999999999934e-07
8.306442140466187993e+02 1.089984244464783925e-01 1.256489999999999891e-07
8.346334678763374768e+02 1.185605613682775838e-01 1.119930000000000023e-07
8.386227956472972664e+02 1.206318649661609343e-01 7.843219999999999474e-08
8.426122012440007438e+02 1.021387630481266906e-01 9.318699999999999925e-08
8.466016885509508256e+02 1.123353072317796880e-01 9.804230000000000171e-08
8.505912614526500874e+02 1.233128571438886212e-01 9.492750000000000084e-08
8.545809238336011049e+02 1.003981971300500486e-01 1.066749999999999940e-07
8.585706795783065672e+02 8.367038024657989792e-02 1.396839999999999953e-07
8.625605325712692775e+02 1.102735548306696400e-01 1.116169999999999995e-07
8.665504866969919249e+02 1.023082858109481685e-01 1.413869999999999941e-07
8.705405458399771987e+02 1.026749077977805458e-01 1.165489999999999936e-07
8.745307138847275610e+02 1.768172942414020232e-01 6.697850000000000647e-08
8.785209947157460419e+02 1.345327147509040033e-01 1.050950000000000024e-07
8.825113922175351036e+02 1.215064470435527483e-01 1.246009999999999919e-07
8.865019102745974351e+02 1.239362915153519179e-01 1.328609999999999878e-07
8.904925527714357258e+02 1.682294677771119795e-01 9.714090000000000397e-08
8.944833235925525514e+02 1.115566741019187319e-01 1.437060000000000032e-07
8.984742266224507148e+02 1.409346723088388265e-01 1.140920000000000002e-07
