# WAVE RELTPT CHARGE
5.140000000000000000e+02 8.681200374005417775e-01 2.346970000000000164e-06
5.170000000000000000e+02 7.874680310330592903e-01 3.525499999999999957e-06
5.200000000000000000e+02 8.763500868365903251e-01 2.221280000000000102e-06
5.230000000000000000e+02 8.392368796483113957e-01 2.864209999999999890e-06
5.260000000000000000e+02 8.472081532256588998e-01 2.747230000000000123e-06
5.290000000000000000e+02 8.842511034355615696e-01 2.257630000000000186e-06
5.320000000000000000e+02 8.892475339783170174e-01 2.237549999999999863e-06
5.350000000000000000e+02 8.078852732146302174e-01 3.345039999999999995e-06
5.380000000000000000e+02 8.254706121196261348e-01 3.160309999999999901e-06
5.410000000000000000e+02 8.556646444086045689e-01 2.766089999999999803e-06
5.440000000000000000e+02 7.396120811554593999e-01 4.713650000000000178e-06
5.470000000000000000e+02 8.982241676831046462e-01 1.880280000000000105e-06
5.500000000000000000e+02 7.722212425318157880e-01 4.264680000000000307e-06
5.530000000000000000e+02 8.690632011476779883e-01 2.769409999999999968e-06
5.560000000000000000e+02 7.647754215054460847e-01 4.461089999999999668e-06
5.590000000000000000e+02 7.987544182511845392e-01 3.779249999999999857e-06
5.620000000000000000e+02 9.163301220478046183e-01 2.198480000000000083e-06
5.650000000000000000e+02 9.025277109888829585e-01 2.478649999999999977e-06
5.680000000000000000e+02 7.716526433206982727e-01 4.305740000000000385e-06
5.710000000000000000e+02 8.664312393982919192e-01 3.038179999999999853e-06
5.740000000000000000e+02 8.262199540047578949e-01 3.481619999999999964e-06
5.770000000000000000e+02 8.175673235744300715e-01 3.625480000000000142e-06
5.800000000000000000e+02 9.253711640322308529e-01 2.281749999999999795e-06
5.830000000000000000e+02 8.424216464510396740e-01 3.272759999999999985e-06
5.860000000000000000e+02 8.391264830175177991e-01 3.379099999999999970e-06
5.890000000000000000e+02 8.875558524020403794e-01 2.946189999999999993e-06
5.920000000000000000e+02 8.575918565177123032e-01 3.195229999999999899e-06
5.950000000000000000e+02 9.282683819102457434e-01 2.420879999999999851e-06
5.980000000000000000e+02 8.853526629774700618e-01 2.911170000000000200e-06
6.010000000000000000e+02 8.615930833280560641e-01 3.241859999999999993e-06
6.040000000000000000e+02 8.920232665793788041e-01 2.831170000000000119e-06
6.070000000000000000e+02 9.027585244096247852e-01 2.743219999999999970e-06
6.100000000000000000e+02 8.282564044029180339e-01 3.745320000000000082e-06
6.130000000000000000e+02 9.588067802763244885e-01 2.111350000000000122e-06
6.160000000000000000e+02 9.520057581272363123e-01 2.248149999999999812e-06
6.190000000000000000e+02 9.005004066727341216e-01 2.752740000000000177e-06
6.220000000000000000e+02 8.226782969338517493e-01 3.859950000000000203e-06
6.250000000000000000e+02 9.311696976949737081e-01 2.546780000000000204e-06
6.280000000000000000e+02 8.632149816819392196e-01 3.410269999999999792e-06
6.310000000000000000e+02 9.133869878904382622e-01 2.808559999999999839e-06
6.340000000000000000e+02 9.901692620719010351e-01 5.400099999999999763e-07
6.370000000000000000e+02 9.200047148992360757e-01 2.716280000000000021e-06
6.400000000000000000e+02 9.137524288091067870e-01 2.765210000000000076e-06
6.430000000000000000e+02 8.835214966845712503e-01 3.097729999999999986e-06
6.460000000000000000e+02 9.123856240655983108e-01 2.842379999999999966e-06
6.490000000000000000e+02 9.210603055543127304e-01 2.704410000000000167e-06
6.510000000000000000e+02 9.043620033644537148e-01 2.881039999999999863e-06
6.540000000000000000e+02 9.844530431720028840e-01 6.461190000000000432e-07
6.570000000000000000e+02 9.690020572414566047e-01 2.180390000000000058e-06
6.600000000000000000e+02 9.025946085163822907e-01 2.865510000000000200e-06
6.630000000000000000e+02 9.439625137114745490e-01 2.380269999999999913e-06
6.660000000000000000e+02 8.371482463574000388e-01 3.717969999999999827e-06
6.690000000000000000e+02 8.996240173576421917e-01 2.832660000000000167e-06
6.720000000000000000e+02 9.180787007195401195e-01 2.615409999999999833e-06
6.750000000000000000e+02 9.916516919895803639e-01 1.758100000000000106e-07
6.780000000000000000e+02 9.655820302450477399e-01 3.094569999999999896e-07
6.810000000000000000e+02 9.313331654893640676e-01 1.981019999999999881e-06
6.840000000000000000e+02 8.928684958746275768e-01 2.683609999999999875e-06
6.870000000000000000e+02 8.936861127862620879e-01 2.605420000000000205e-06
6.900000000000000000e+02 8.462250461992729678e-01 3.175660000000000102e-06
6.930000000000000000e+02 8.940009656397549520e-01 2.403819999999999882e-06
6.960000000000000000e+02 9.340729081631868880e-01 1.683439999999999886e-07
6.990000000000000000e+02 1.294017848432249984e+00 1.806160000000000140e-08
7.020000000000000000e+02 8.850886959810018162e-01 3.936570000000000157e-07
7.050000000000000000e+02 8.601508428919960592e-01 1.104090000000000088e-06
7.080000000000000000e+02 8.513755306500018216e-01 7.666310000000000043e-07
7.110000000000000000e+02 8.548462349406173999e-01 2.438319999999999827e-07
7.140000000000000000e+02 8.344693811839398734e-01 4.023739999999999739e-07
7.170000000000000000e+02 8.580607048982271667e-01 1.292640000000000119e-07
7.200000000000000000e+02 3.654243806798059602e+00 2.884989999999999981e-09
7.230000000000000000e+02 1.730861526201071809e+00 6.856220000000000132e-09
7.260000000000000000e+02 8.888980151579167766e-01 6.799910000000000437e-08
7.290000000000000000e+02 8.262508166925992548e-01 9.674789999999999509e-08
7.320000000000000000e+02 8.538312594937582656e-01 6.919250000000000234e-08
7.350000000000000000e+02 7.296736137499419961e-01 3.315679999999999949e-07
7.380000000000000000e+02 7.024894347717443033e-01 9.322840000000000385e-07
7.410000000000000000e+02 6.836214426335941452e-01 5.840509999999999668e-07
7.440000000000000000e+02 7.188293212080911765e-01 1.196959999999999887e-07
7.470000000000000000e+02 7.330055927146292838e-01 1.298289999999999908e-07
7.500000000000000000e+02 6.253633635020785508e-01 1.045710000000000064e-06
7.530000000000000000e+02 6.070264037960688697e-01 2.501059999999999818e-06
7.560000000000000000e+02 5.963430238150156937e-01 2.020589999999999911e-06
7.590000000000000000e+02 5.724633401034689983e-01 1.806510000000000048e-06
7.620000000000000000e+02 5.597294337400569031e-01 3.398210000000000199e-06
7.650000000000000000e+02 5.478938250395839482e-01 3.214630000000000086e-06
7.680000000000000000e+02 5.232040813089087194e-01 4.699760000000000045e-06
7.710000000000000000e+02 5.205065782423596854e-01 2.343780000000000199e-06
7.740000000000000000e+02 5.199078609282417052e-01 3.442400000000000173e-07
7.770000000000000000e+02 5.031624271851127261e-01 3.795159999999999951e-07
7.800000000000000000e+02 4.785684863940599665e-01 1.500049999999999936e-06
7.830000000000000000e+02 4.644753576415101004e-01 2.473380000000000195e-06
7.860000000000000000e+02 4.500485077214485541e-01 1.948369999999999863e-06
7.890000000000000000e+02 4.385793519222891401e-01 1.676610000000000029e-06
7.920000000000000000e+02 4.243315001076203297e-01 3.001690000000000139e-06
7.950000000000000000e+02 4.113702870202170514e-01 4.204289999999999857e-06
7.980000000000000000e+02 3.995788862060564162e-01 3.097610000000000061e-06
8.000000000000000000e+02 3.933437445201193317e-01 1.044780000000000016e-06
8.010000000000000000e+02 3.933036884103322528e-01 3.999909999999999982e-07
8.040000000000000000e+02 4.842609959615809534e-01 6.055739999999999935e-08
8.070000000000000000e+02 3.798100216911115545e-01 3.194360000000000024e-07
8.100000000000000000e+02 3.478033644504684996e-01 2.424699999999999841e-06
8.130000000000000000e+02 3.343300359676432132e-01 4.569790000000000000e-06
8.160000000000000000e+02 3.227978907154472887e-01 4.685230000000000033e-06
8.190000000000000000e+02 3.140105757333122583e-01 3.384720000000000096e-06
8.220000000000000000e+02 3.003334050708865721e-01 3.616879999999999919e-06
8.250000000000000000e+02 2.904454932093044617e-01 4.498919999999999948e-06
8.280000000000000000e+02 2.800783450196784874e-01 3.457299999999999916e-06
8.310000000000000000e+02 2.694136893199877703e-01 4.956389999999999822e-06
8.340000000000000000e+02 2.589680964811492681e-01 4.619980000000000107e-06
8.370000000000000000e+02 2.501701783957065439e-01 1.800109999999999990e-06
8.400000000000000000e+02 2.446619777941210772e-01 8.511020000000000464e-07
8.430000000000000000e+02 2.331280486015757381e-01 1.451140000000000009e-06
8.460000000000000000e+02 2.235654546242664131e-01 3.624530000000000177e-06
8.490000000000000000e+02 2.148140660359834919e-01 3.279309999999999948e-06
8.520000000000000000e+02 2.087399882554967778e-01 4.172740000000000134e-06
8.550000000000000000e+02 2.012962999366266492e-01 3.207659999999999965e-06
8.580000000000000000e+02 1.957495140509801779e-01 3.012840000000000024e-06
8.610000000000000000e+02 1.885705262142267080e-01 3.276379999999999961e-06
8.640000000000000000e+02 1.819526054837515561e-01 3.682860000000000091e-06
8.670000000000000000e+02 1.757361161735226385e-01 3.719530000000000114e-06
8.700000000000000000e+02 1.714990832247539343e-01 1.871800000000000019e-06
8.730000000000000000e+02 1.683632862876091596e-01 7.644089999999999729e-07
8.760000000000000000e+02 1.636134116032423869e-01 7.033249999999999534e-07
8.790000000000000000e+02 1.518188384431902183e-01 1.582019999999999974e-06
8.820000000000000000e+02 1.459741016359986099e-01 3.718470000000000077e-06
8.850000000000000000e+02 1.387694751860731324e-01 4.159020000000000035e-06
8.880000000000000000e+02 1.379297497494605951e-01 3.418589999999999909e-06
8.910000000000000000e+02 1.262710910307239809e-01 3.945669999999999782e-06
8.940000000000000000e+02 1.274198735038422070e-01 4.225079999999999873e-06
8.970000000000000000e+02 1.164982106261930606e-01 3.480830000000000180e-06
9.000000000000000000e+02 1.133962063035951623e-01 4.217750000000000402e-06
9.030000000000000000e+02 1.109038632018970599e-01 3.894920000000000310e-06
9.060000000000000000e+02 1.008543289585720065e-01 3.672729999999999986e-06
9.090000000000000000e+02 1.036518976845008377e-01 4.041759999999999738e-06
4.000000000000000000e+02 1.307680210952689936e+00 1.529620000000000101e-08
9.120000000000000000e+02 9.327128731729165956e-02 1.349429999999999928e-06
4.030000000000000000e+02 6.323545769942583439e-01 1.995330000000000173e-06
9.150000000000000000e+02 1.091206170359913796e-01 2.828119999999999784e-07
4.060000000000000000e+02 6.613511920864389992e-01 6.031210000000000443e-07
9.180000000000000000e+02 9.857341117951176623e-02 2.991650000000000190e-07
4.090000000000000000e+02 6.710527302515874037e-01 2.532950000000000033e-06
4.120000000000000000e+02 6.876250742730325438e-01 2.703610000000000107e-06
4.150000000000000000e+02 6.972108514239164778e-01 3.456770000000000109e-06
4.180000000000000000e+02 7.051393267416318222e-01 2.535360000000000066e-06
4.210000000000000000e+02 7.127580813367556667e-01 2.717790000000000198e-06
4.240000000000000000e+02 7.222397766020737242e-01 2.932149999999999955e-06
4.270000000000000000e+02 7.257644704448068529e-01 2.924629999999999898e-06
4.300000000000000000e+02 6.651246745458210263e-01 4.940900000000000416e-06
4.330000000000000000e+02 7.378841874623957020e-01 2.758570000000000170e-06
4.360000000000000000e+02 7.409837160132549672e-01 2.758389999999999860e-06
4.390000000000000000e+02 7.216157733182684275e-01 3.447640000000000080e-06
4.420000000000000000e+02 7.309801131232003257e-01 3.282260000000000064e-06
4.450000000000000000e+02 7.149866255635608514e-01 3.681439999999999857e-06
4.480000000000000000e+02 7.180608013359679465e-01 3.697829999999999966e-06
4.500000000000000000e+02 7.408932242675789759e-01 3.665649999999999793e-06
4.510000000000000000e+02 7.158261583449063714e-01 3.730539999999999946e-06
4.540000000000000000e+02 7.700744419208729319e-01 2.794509999999999948e-06
4.570000000000000000e+02 7.365394379530773028e-01 3.529890000000000012e-06
4.600000000000000000e+02 7.294233168549806301e-01 3.727940000000000174e-06
4.630000000000000000e+02 7.537422388901904302e-01 3.302330000000000110e-06
4.660000000000000000e+02 7.349143275105101125e-01 3.668160000000000045e-06
4.690000000000000000e+02 7.719036844762964256e-01 3.174600000000000065e-06
4.720000000000000000e+02 7.920498592495115453e-01 2.827120000000000132e-06
4.750000000000000000e+02 7.732057089067299049e-01 3.234390000000000046e-06
4.780000000000000000e+02 7.556406629806800002e-01 3.498300000000000032e-06
4.810000000000000000e+02 7.757337665548463823e-01 3.285590000000000081e-06
4.840000000000000000e+02 8.208068810196267329e-01 2.645280000000000193e-06
4.870000000000000000e+02 7.453388557609473830e-01 3.831959999999999646e-06
4.900000000000000000e+02 7.802925992129945421e-01 3.341169999999999894e-06
4.930000000000000000e+02 8.218641032079316844e-01 2.761609999999999805e-06
4.960000000000000000e+02 6.843679021128072915e-01 5.379389999999999838e-06
4.990000000000000000e+02 7.654700551164606015e-01 3.612160000000000073e-06
5.020000000000000000e+02 8.295942221596732669e-01 2.758939999999999795e-06
5.050000000000000000e+02 7.469522369290130248e-01 4.036160000000000164e-06
5.080000000000000000e+02 7.682285545816983641e-01 3.697919999999999909e-06
5.110000000000000000e+02 8.418483522983308820e-01 2.682079999999999993e-06
