@ZENITH 58.616
@OBJECT HD14943
@PIX2WGTH 2.08478150359
@INFO1 pixel # start from direct object
@DEC -51:05:3.08
@HA 05:04:45.91
@ORIENTATION x
@FILTERS CLEAR Ronchi
@IMG_NAME f766.fits /Users/augustinguyonnet/harvard/prod/HD14943/2016_11_26T07_49_36isr
@SEEING 1.5
@JD 2457718.82611
@FLATFIELDED False
@Y 448.702
@X 1048.09
@AIRMASS 1.915
@SY 0.0
@SX 0.0
@RONCHI 200.0
@DISPERSION True
@DEFECT_MAP False
@LATITUDE -30 10 07.90
@EXPTIME 40.0
#wg:
#tatmo:
#end
450.0  137701484278.0  
450.25  136286728035.0  
450.5  134878393667.0  
450.75  133476006010.0  
451.0  132079096905.0  
451.25  130806790961.0  
451.5  129717314156.0  
451.75  129417765677.0  
452.0  129120144613.0  
452.25  128824108116.0  
452.5  128529429453.0  
452.75  128235842237.0  
453.0  127943105316.0  
453.25  127650935548.0  
453.5  127359146207.0  
453.75  129319873726.0  
454.0  131687649208.0  
454.25  134003531328.0  
454.5  136318976569.0  
454.75  138633873914.0  
455.0  140948059006.0  
455.25  143045311266.0  
455.5  145135642154.0  
455.75  146122693626.0  
456.0  146047409262.0  
456.25  145969795823.0  
456.5  145891558090.0  
456.75  145812671430.0  
457.0  145733133767.0  
457.25  145715358563.0  
457.5  145696796632.0  
457.75  145663569903.0  
458.0  145561235096.0  
458.25  145457260502.0  
458.5  145353094009.0  
458.75  145248903492.0  
459.0  145144857785.0  
459.25  145039782737.0  
459.5  144935143613.0  
459.75  144831106968.0  
460.0  144763490672.0  
460.25  145101840061.0  
460.5  145441997929.0  
460.75  145784135001.0  
461.0  146128414214.0  
461.25  146472691158.0  
461.5  146819417692.0  
461.75  147168761318.0  
462.0  147532330617.0  
462.25  147908438719.0  
462.5  148287657423.0  
462.75  148670105659.0  
463.0  149055871823.0  
463.25  149341309627.0  
463.5  149629561682.0  
463.75  149920712515.0  
464.0  150188987617.0  
464.25  150314641665.0  
464.5  150442941902.0  
464.75  150573928707.0  
465.0  150707621734.0  
465.25  150535822504.0  
465.5  150367017354.0  
465.75  150201223774.0  
466.0  150038466245.0  
466.25  150016184690.0  
466.5  150014222503.0  
466.75  150014866678.0  
467.0  150018101011.0  
467.25  150023233664.0  
467.5  150031045993.0  
467.75  150041574640.0  
468.0  150054872208.0  
468.25  150076783081.0  
468.5  150108949516.0  
468.75  150144260612.0  
469.0  150182839710.0  
469.25  150228797682.0  
469.5  150278418641.0  
469.75  150331933529.0  
470.0  150389609889.0  
470.25  150467918500.0  
470.5  150410251904.0  
470.75  150357663370.0  
471.0  150310538144.0  
471.25  150269012244.0  
471.5  150233828035.0  
471.75  150205481236.0  
472.0  150184517660.0  
472.25  150079029128.0  
472.5  149886169081.0  
472.75  149677956649.0  
473.0  149479751870.0  
473.25  149291623447.0  
473.5  149114840144.0  
473.75  148950097515.0  
474.0  148798074406.0  
474.25  148658887341.0  
474.5  148502073986.0  
474.75  148322184297.0  
475.0  148157744901.0  
475.25  148159443232.0  
475.5  148177613512.0  
475.75  148212957697.0  
476.0  148266147042.0  
476.25  148337931546.0  
476.5  148401947616.0  
476.75  148282991897.0  
477.0  148182703380.0  
477.25  148101478868.0  
477.5  148039323952.0  
477.75  147996276222.0  
478.0  147972255764.0  
478.25  147992918980.0  
478.5  148032077527.0  
478.75  147930653906.0  
479.0  147799829099.0  
479.25  147683828602.0  
479.5  147581503468.0  
479.75  147491563772.0  
480.0  147412532065.0  
480.25  147258623347.0  
480.5  147112288480.0  
480.75  147036436247.0  
481.0  147047822923.0  
481.25  147086476038.0  
481.5  147124586445.0  
481.75  147159407827.0  
482.0  147188044327.0  
482.25  147207395587.0  
482.5  147214378554.0  
482.75  147259866042.0  
483.0  147777690964.0  
483.25  148277581890.0  
483.5  148756115467.0  
483.75  149209805139.0  
484.0  149635227370.0  
484.25  150020998581.0  
484.5  150371911424.0  
484.75  150684939226.0  
485.0  151532510174.0  
485.25  152546411393.0  
485.5  153517776638.0  
485.75  154444013595.0  
486.0  155322890114.0  
486.25  156152567292.0  
486.5  156931572919.0  
486.75  157658904043.0  
487.0  158369493690.0  
487.25  159045572367.0  
487.5  159669370867.0  
487.75  160241638724.0  
488.0  160763556324.0  
488.25  161236772504.0  
488.5  161663237052.0  
488.75  162045278395.0  
489.0  162383653694.0  
489.25  162662235747.0  
489.5  162905235941.0  
489.75  163115988774.0  
490.0  163297952564.0  
490.25  163535380495.0  
490.5  163751265829.0  
490.75  163949160546.0  
491.0  164132609748.0  
491.25  164021986848.0  
491.5  163808069755.0  
491.75  163592257065.0  
492.0  163377605233.0  
492.25  163167013877.0  
492.5  162963084360.0  
492.75  162768405135.0  
493.0  162584835387.0  
493.25  162337499746.0  
493.5  162011336825.0  
493.75  161702639929.0  
494.0  161412643858.0  
494.25  161142446207.0  
494.5  160892759829.0  
494.75  160664176892.0  
495.0  160457104769.0  
495.25  160042961319.0  
495.5  159586106717.0  
495.75  159152499659.0  
496.0  158741779053.0  
496.25  158419013152.0  
496.5  158117639971.0  
496.75  157837016426.0  
497.0  157576404373.0  
497.25  157333581033.0  
497.5  157107905226.0  
497.75  156899193620.0  
498.0  156706933740.0  
498.25  156528702786.0  
498.5  156364984423.0  
498.75  156214812436.0  
499.0  156077209159.0  
499.25  155897456516.0  
499.5  155658920777.0  
499.75  155320220945.0  
500.0  154991047860.0  
500.25  154995730540.0  
500.5  155007288667.0  
500.75  155024973162.0  
501.0  155048085142.0  
501.25  155075128885.0  
501.5  155119909275.0  
501.75  155440615590.0  
502.0  155764959160.0  
502.25  156131062216.0  
502.5  156500274632.0  
502.75  156872306077.0  
503.0  157246933566.0  
503.25  157622796007.0  
503.5  158000914807.0  
503.75  158361309602.0  
504.0  158715586845.0  
504.25  159070742520.0  
504.5  159427975121.0  
504.75  159787375177.0  
505.0  160149063391.0  
505.25  160083400685.0  
505.5  160019934482.0  
505.75  159895116138.0  
506.0  159664389637.0  
506.25  159434036103.0  
506.5  159207291157.0  
506.75  158984349773.0  
507.0  158765386275.0  
507.25  158547585431.0  
507.5  158334121255.0  
507.75  158125623778.0  
508.0  157936386583.0  
508.25  157788947191.0  
508.5  157646199878.0  
508.75  157508267570.0  
509.0  157375239571.0  
509.25  157244578501.0  
509.5  157118928850.0  
509.75  156998307784.0  
510.0  156834069901.0  
510.25  156825318723.0  
510.5  156821032413.0  
510.75  156821112233.0  
511.0  156825453884.0  
511.25  156828451420.0  
511.5  156835388244.0  
511.75  156846070572.0  
512.0  156866190125.0  
512.25  156900344503.0  
512.5  156937551974.0  
512.75  156977524167.0  
513.0  157019942415.0  
513.25  157064356848.0  
513.5  157110564378.0  
513.75  157158214746.0  
514.0  157206157515.0  
514.25  157220930121.0  
514.5  157235964198.0  
514.75  157250877597.0  
515.0  157265297709.0  
515.25  157487281779.0  
515.5  157708507518.0  
515.75  157928642885.0  
516.0  158147368029.0  
516.25  158420854838.0  
516.5  158720639095.0  
516.75  159018448455.0  
517.0  159314017475.0  
517.25  159564205389.0  
517.5  159811459241.0  
517.75  160055561331.0  
518.0  160296329508.0  
518.25  160544557977.0  
518.5  160813056288.0  
518.75  161078016706.0  
519.0  161339347209.0  
519.25  161595981553.0  
519.5  161848906017.0  
519.75  162098109786.0  
520.0  162343616012.0  
520.25  162009175188.0  
520.5  161645073587.0  
520.75  161279055210.0  
521.0  160911343591.0  
521.25  160533719491.0  
521.5  160154722242.0  
521.75  159774492713.0  
522.0  159393181240.0  
522.25  159002541196.0  
522.5  158648153038.0  
522.75  158312318577.0  
523.0  157975765809.0  
523.25  157657508684.0  
523.5  157338607272.0  
523.75  157019185280.0  
524.0  156699376639.0  
524.25  156371302555.0  
524.5  156062197148.0  
524.75  155793930355.0  
525.0  155525542213.0  
525.25  155568480132.0  
525.5  155609986960.0  
525.75  155650168388.0  
526.0  155689123298.0  
526.25  155784773714.0  
526.5  155879383185.0  
526.75  155875969733.0  
527.0  155869557929.0  
527.25  155862290245.0  
527.5  155854422506.0  
527.75  155846063572.0  
528.0  155837333143.0  
528.25  155828206412.0  
528.5  155818940448.0  
528.75  155805026092.0  
529.0  155788584188.0  
529.25  155596294547.0  
529.5  155404868402.0  
529.75  155214419041.0  
530.0  155025065453.0  
530.25  155054196434.0  
530.5  155084075599.0  
530.75  155104894506.0  
531.0  155103503447.0  
531.25  155103220708.0  
531.5  155104050715.0  
531.75  155106069082.0  
532.0  155109341624.0  
532.25  155229280177.0  
532.5  155350765950.0  
532.75  155473859383.0  
533.0  155687555197.0  
533.25  155905890795.0  
533.5  156126136860.0  
533.75  156348308080.0  
534.0  156572414985.0  
534.25  156797571440.0  
534.5  157024638598.0  
534.75  157253591924.0  
535.0  157465764271.0  
535.25  157354256875.0  
535.5  157244448095.0  
535.75  157136261766.0  
536.0  157029609261.0  
536.25  156922705904.0  
536.5  156817150926.0  
536.75  156712862248.0  
537.0  156604793655.0  
537.25  156483507944.0  
537.5  156363213141.0  
537.75  156243767799.0  
538.0  156125037241.0  
538.25  156046342027.0  
538.5  155967992953.0  
538.75  155889885900.0  
539.0  155811908272.0  
539.25  155765076740.0  
539.5  155720085617.0  
539.75  155674872941.0  
540.0  155629341490.0  
540.25  155695218368.0  
540.5  155760463425.0  
540.75  155825012517.0  
541.0  155888803329.0  
541.25  155891689988.0  
541.5  155896484961.0  
541.75  155900424438.0  
542.0  155903472109.0  
542.25  155905316976.0  
542.5  155906282560.0  
542.75  155906388363.0  
543.0  155905646741.0  
543.25  155868523388.0  
543.5  155732888100.0  
543.75  155596607385.0  
544.0  155459736286.0  
544.25  155439572356.0  
544.5  155418744693.0  
544.75  155397331581.0  
545.0  155375418073.0  
545.25  155532471653.0  
545.5  155799269743.0  
545.75  156075333118.0  
546.0  156352005421.0  
546.25  156628206779.0  
546.5  156905255322.0  
546.75  157183265951.0  
547.0  157462340611.0  
547.25  157540600306.0  
547.5  157611728677.0  
547.75  157678105040.0  
548.0  157745286171.0  
548.25  157813513119.0  
548.5  157882748289.0  
548.75  157953075696.0  
549.0  158024579346.0  
549.25  158097486601.0  
549.5  158178130344.0  
549.75  158279612800.0  
550.0  158382609521.0  
550.25  158231890766.0  
550.5  158083356084.0  
550.75  157937038482.0  
551.0  157792963480.0  
551.25  157649496904.0  
551.5  157508340647.0  
551.75  157338736578.0  
552.0  157168394456.0  
552.25  156998729195.0  
552.5  156831406382.0  
552.75  156666396304.0  
553.0  156503635422.0  
553.25  156517336442.0  
553.5  156532591721.0  
553.75  156523764923.0  
554.0  156497008483.0  
554.25  156470982302.0  
554.5  156446172622.0  
554.75  156422474290.0  
555.0  156399768460.0  
555.25  156414439539.0  
555.5  156429814106.0  
555.75  156443764968.0  
556.0  156451501786.0  
556.25  156347754595.0  
556.5  156244406571.0  
556.75  156141330318.0  
557.0  156038391978.0  
557.25  155934712155.0  
557.5  155830877992.0  
557.75  155726759092.0  
558.0  155580132035.0  
558.25  155427146419.0  
558.5  155273565513.0  
558.75  155119282197.0  
559.0  154964202623.0  
559.25  154898331556.0  
559.5  154831224582.0  
559.75  154762811612.0  
560.0  154717687096.0  
560.25  154779548328.0  
560.5  154839934951.0  
560.75  154898799797.0  
561.0  154956101564.0  
561.25  155011809497.0  
561.5  155065901497.0  
561.75  155118352577.0  
562.0  155168426393.0  
562.25  155169049840.0  
562.5  155168001469.0  
562.75  155165282304.0  
563.0  155160898062.0  
563.25  155154865189.0  
563.5  155147180166.0  
563.75  155137848559.0  
564.0  155126878464.0  
564.25  155127226427.0  
564.5  155127847715.0  
564.75  155126894681.0  
565.0  155124389561.0  
565.25  154809099503.0  
565.5  154493711675.0  
565.75  154178258184.0  
566.0  153862764700.0  
566.25  153539677536.0  
566.5  153213817208.0  
566.75  152888080864.0  
567.0  152562511955.0  
567.25  152232851759.0  
567.5  151903503158.0  
567.75  151574528657.0  
568.0  151245992736.0  
568.25  150970559410.0  
568.5  150559671725.0  
568.75  150149243862.0  
569.0  149739368436.0  
569.25  149326966138.0  
569.5  148915345982.0  
569.75  148504617749.0  
570.0  148094891108.0  
570.25  148078593168.0  
570.5  148316409709.0  
570.75  148597541123.0  
571.0  148879530528.0  
571.25  149096506289.0  
571.5  149314270107.0  
571.75  149532946964.0  
572.0  149752662343.0  
572.25  149972850092.0  
572.5  150161730461.0  
572.75  150321515602.0  
573.0  150482719635.0  
573.25  150644766261.0  
573.5  150808449022.0  
573.75  150973866396.0  
574.0  151141110785.0  
574.25  151349944984.0  
574.5  151540856672.0  
574.75  151641209049.0  
575.0  151743573001.0  
575.25  151828704998.0  
575.5  151915897144.0  
575.75  152005188334.0  
576.0  152096613128.0  
576.25  152189443182.0  
576.5  152284456076.0  
576.75  152562301979.0  
577.0  152877492617.0  
577.25  153205004693.0  
577.5  153535307224.0  
577.75  153868386359.0  
578.0  154204233829.0  
578.25  154541998383.0  
578.5  154882485290.0  
578.75  155174193348.0  
579.0  155416843327.0  
579.25  155660986380.0  
579.5  155907397156.0  
579.75  156156018485.0  
580.0  156406787390.0  
580.25  156327671227.0  
580.5  156250383225.0  
580.75  156166923143.0  
581.0  156043875902.0  
581.25  155920287654.0  
581.5  155798198682.0  
581.75  155677498701.0  
582.0  155558067235.0  
582.25  155437630833.0  
582.5  155318222303.0  
582.75  155199714327.0  
583.0  155099701203.0  
583.25  154963619059.0  
583.5  154828195469.0  
583.75  154693297310.0  
584.0  154558789335.0  
584.25  154421975972.0  
584.5  154285290975.0  
584.75  154148595792.0  
585.0  153943231154.0  
585.25  153874183496.0  
585.5  153804133488.0  
585.75  153732967340.0  
586.0  153660583459.0  
586.25  153540825225.0  
586.5  153419758789.0  
586.75  153297299895.0  
587.0  153171285225.0  
587.25  153031316416.0  
587.5  152889773922.0  
587.75  152746624451.0  
588.0  152601845775.0  
588.25  152455503136.0  
588.5  152307537427.0  
588.75  152157963537.0  
589.0  152006805892.0  
589.25  151998119487.0  
589.5  151994944597.0  
589.75  151990208961.0  
590.0  151983983377.0  
590.25  151910887861.0  
590.5  151836509818.0  
590.75  151760951048.0  
591.0  151684323951.0  
591.25  151711485812.0  
591.5  151858468248.0  
591.75  152004859017.0  
592.0  152150779101.0  
592.25  152223317164.0  
592.5  152295590244.0  
592.75  152367719745.0  
593.0  152439824153.0  
593.25  152507715128.0  
593.5  152547970258.0  
593.75  152588536546.0  
594.0  152629511129.0  
594.25  152670694219.0  
594.5  152712462951.0  
594.75  152754894556.0  
595.0  152798051884.0  
595.25  152919103371.0  
595.5  152947939529.0  
595.75  152952379969.0  
596.0  152957648467.0  
596.25  152963809262.0  
596.5  152970835024.0  
596.75  152978733500.0  
597.0  152987500609.0  
597.25  152997173562.0  
597.5  153008818249.0  
597.75  153022676357.0  
598.0  153037341594.0  
598.25  153020255221.0  
598.5  153003955937.0  
598.75  152988422181.0  
599.0  152973631692.0  
599.25  152959644912.0  
599.5  152945305548.0  
599.75  152923057492.0  
600.0  152901471177.0  
600.25  152948019613.0  
600.5  152995191447.0  
600.75  153042990681.0  
601.0  153091421809.0  
601.25  153258861412.0  
601.5  153427224479.0  
601.75  153548863892.0  
602.0  153657035189.0  
602.25  153765442211.0  
602.5  153874703625.0  
602.75  153984854128.0  
603.0  154095938541.0  
603.25  154207413749.0  
603.5  154319907003.0  
603.75  154468459159.0  
604.0  154664616487.0  
604.25  154786468005.0  
604.5  154909516585.0  
604.75  155033800481.0  
605.0  155159352951.0  
605.25  155120600824.0  
605.5  155083146695.0  
605.75  155052238013.0  
606.0  155074856403.0  
606.25  155098316209.0  
606.5  155123031232.0  
606.75  155148971886.0  
607.0  155176091951.0  
607.25  155201880248.0  
607.5  155228729141.0  
607.75  155256553439.0  
608.0  155101480836.0  
608.25  154886136896.0  
608.5  154671420420.0  
608.75  154457209666.0  
609.0  154243377899.0  
609.25  154029329235.0  
609.5  153815363492.0  
609.75  153601319068.0  
610.0  153413348012.0  
610.25  153347795097.0  
610.5  153281467235.0  
610.75  153214194458.0  
611.0  153145807126.0  
611.25  153076102143.0  
611.5  153004956746.0  
611.75  152932208315.0  
612.0  152872089601.0  
612.25  152990486586.0  
612.5  153107086060.0  
612.75  153221765577.0  
613.0  153334413933.0  
613.25  153462122232.0  
613.5  153587641490.0  
613.75  153710901741.0  
614.0  153831857470.0  
614.25  153971404155.0  
614.5  154116198785.0  
614.75  154258691267.0  
615.0  154398909944.0  
615.25  154493900342.0  
615.5  154586683819.0  
615.75  154677349786.0  
616.0  154765993664.0  
616.25  154830718944.0  
616.5  154897298796.0  
616.75  154962242034.0  
617.0  155025701626.0  
617.25  155087551419.0  
617.5  155148248557.0  
617.75  155207965812.0  
618.0  155266875660.0  
618.25  155317900288.0  
618.5  155252152240.0  
618.75  155186123814.0  
619.0  155119981219.0  
619.25  155007048186.0  
619.5  154894427486.0  
619.75  154782255200.0  
620.0  154670660070.0  
620.25  154804667069.0  
620.5  154846400782.0  
620.75  154852087093.0  
621.0  154858438944.0  
621.25  154864471213.0  
621.5  154871294738.0  
621.75  154878954254.0  
622.0  154887487169.0  
622.25  154904975981.0  
622.5  154959023725.0  
622.75  155072754390.0  
623.0  155187685533.0  
623.25  155302703830.0  
623.5  155418931832.0  
623.75  155536370520.0  
624.0  155655010705.0  
624.25  155773736642.0  
624.5  155891945877.0  
624.75  155969295318.0  
625.0  156047715391.0  
625.25  156022909562.0  
625.5  155999052388.0  
625.75  155976141402.0  
626.0  155954176922.0  
626.25  155933078042.0  
626.5  155912941151.0  
626.75  155887467452.0  
627.0  155860269228.0  
627.25  155833928208.0  
627.5  155808526272.0  
627.75  155784055255.0  
628.0  155760508278.0  
628.25  155737649981.0  
628.5  155715684175.0  
628.75  155765526452.0  
629.0  155942078607.0  
629.25  156119670611.0  
629.5  156298345413.0  
629.75  156478052234.0  
630.0  156658740233.0  
630.25  156453718567.0  
630.5  156250470030.0  
630.75  156047630562.0  
631.0  155788916670.0  
631.25  155747277021.0  
631.5  155706127807.0  
631.75  155665394400.0  
632.0  155625008125.0  
632.25  155582710272.0  
632.5  155540635689.0  
632.75  155498730628.0  
633.0  155481268867.0  
633.25  155472952882.0  
633.5  155464680925.0  
633.75  155456437216.0  
634.0  155448216227.0  
634.25  155166400996.0  
634.5  154886160331.0  
634.75  154607520191.0  
635.0  154325180669.0  
635.25  154323063868.0  
635.5  154321192327.0  
635.75  154319652371.0  
636.0  154318539033.0  
636.25  154317974885.0  
636.5  154318069596.0  
636.75  154318951232.0  
637.0  154320515641.0  
637.25  154413150018.0  
637.5  154506889272.0  
637.75  154601843780.0  
638.0  154698158652.0  
638.25  154795952407.0  
638.5  154895363236.0  
638.75  154996546321.0  
639.0  155099651829.0  
639.25  155180003628.0  
639.5  155250021870.0  
639.75  155322340429.0  
640.0  155397113600.0  
640.25  155702363806.0  
640.5  156011362347.0  
640.75  156324295214.0  
641.0  156641365200.0  
641.25  156933238708.0  
641.5  157173249884.0  
641.75  157417642716.0  
642.0  157666675990.0  
642.25  157918245209.0  
642.5  158175012862.0  
642.75  158437301824.0  
643.0  158705464540.0  
643.25  158803186458.0  
643.5  158940975117.0  
643.75  159085607050.0  
644.0  159237068049.0  
644.25  159395124753.0  
644.5  159560943745.0  
644.75  159735024296.0  
645.0  159917876070.0  
645.25  159832131993.0  
645.5  159664521645.0  
645.75  159457268087.0  
646.0  159260634488.0  
646.25  159239895834.0  
646.5  159230165933.0  
646.75  159231843371.0  
647.0  159245288787.0  
647.25  159270645098.0  
647.5  159280541308.0  
647.75  159240469409.0  
648.0  159212625345.0  
648.25  159196829458.0  
648.5  159193140537.0  
648.75  159201334625.0  
649.0  159221063861.0  
649.25  159148398034.0  
649.5  159086316683.0  
649.75  158774260636.0  
650.0  158461829475.0  
650.25  158180849055.0  
650.5  157905118032.0  
650.75  157633232666.0  
651.0  157363653330.0  
651.25  157308009561.0  
651.5  157250725016.0  
651.75  157321639347.0  
652.0  157465471913.0  
652.25  157603441344.0  
652.5  157732975485.0  
652.75  157851747276.0  
653.0  157957385946.0  
653.25  158047802039.0  
653.5  158120260909.0  
653.75  158228880477.0  
654.0  158453057753.0  
654.25  158360657266.0  
654.5  158242356904.0  
654.75  158096225833.0  
655.0  157920504317.0  
655.25  157712353650.0  
655.5  157471771472.0  
655.75  157197703491.0  
656.0  157536150612.0  
656.25  157871105714.0  
656.5  158170052897.0  
656.75  158432616773.0  
657.0  158658725984.0  
657.25  159039113995.0  
657.5  159384164612.0  
657.75  159694569036.0  
658.0  160044362030.0  
658.25  160407634564.0  
658.5  160739658838.0  
658.75  161042080631.0  
659.0  161316752133.0  
659.25  161565695509.0  
659.5  161791079459.0  
659.75  161995190415.0  
660.0  162177892961.0  
660.25  162550055225.0  
660.5  162909193000.0  
660.75  163257727146.0  
661.0  163598064083.0  
661.25  163931138151.0  
661.5  164260682918.0  
661.75  164588924398.0  
662.0  164917991766.0  
662.25  165039640391.0  
662.5  165151892200.0  
662.75  165271057019.0  
663.0  165398721087.0  
663.25  165467302552.0  
663.5  165546847711.0  
663.75  165638469312.0  
664.0  165743129455.0  
664.25  165732573581.0  
664.5  165649900274.0  
664.75  165582587671.0  
665.0  165530975694.0  
665.25  165153827155.0  
665.5  164793595311.0  
665.75  164450184748.0  
666.0  164123403096.0  
666.25  163830325952.0  
666.5  163518571588.0  
666.75  163222420761.0  
667.0  162941405427.0  
667.25  162673409486.0  
667.5  162419499103.0  
667.75  162179100834.0  
668.0  161951622817.0  
668.25  161734841951.0  
668.5  161476947445.0  
668.75  161225530919.0  
669.0  160984735866.0  
669.25  160780608189.0  
669.5  160585762429.0  
669.75  160399615167.0  
670.0  160221596851.0  
670.25  160145333326.0  
670.5  160077614786.0  
670.75  160017478290.0  
671.0  159963191915.0  
671.25  159914099471.0  
671.5  159869992962.0  
671.75  159830476482.0  
672.0  159795172616.0  
672.25  159786184750.0  
672.5  159767859500.0  
672.75  159711842163.0  
673.0  159658721843.0  
673.25  159608144937.0  
673.5  159559956174.0  
673.75  159513933205.0  
674.0  159469870342.0  
674.25  159427495947.0  
674.5  159386728789.0  
674.75  159318711217.0  
675.0  159248801324.0  
675.25  159486720965.0  
675.5  159726587014.0  
675.75  159968314858.0  
676.0  160211861800.0  
676.25  160454222688.0  
676.5  160698257754.0  
676.75  160952807622.0  
677.0  161215932846.0  
677.25  161477713429.0  
677.5  161741007445.0  
677.75  162005788899.0  
678.0  162272027923.0  
678.25  162570265779.0  
678.5  162870119860.0  
678.75  163122478330.0  
679.0  163203495509.0  
679.25  163281679412.0  
679.5  163360228191.0  
679.75  163439114589.0  
680.0  163518309134.0  
680.25  163403191008.0  
680.5  163287803511.0  
680.75  163172112956.0  
681.0  162974379502.0  
681.25  162672434051.0  
681.5  162369997089.0  
681.75  162067028303.0  
682.0  161763491098.0  
682.25  161459328592.0  
682.5  161154520800.0  
682.75  160849040647.0  
683.0  160465697016.0  
683.25  160016632187.0  
683.5  159566570227.0  
683.75  159115486665.0  
684.0  158663362467.0  
684.25  158271384610.0  
684.5  157878077363.0  
684.75  157483434907.0  
685.0  157111638806.0  
685.25  156914638672.0  
685.5  156716511974.0  
685.75  156517271756.0  
686.0  156316935791.0  
686.25  156114691754.0  
686.5  155911411805.0  
686.75  155707130209.0  
687.0  155501889240.0  
687.25  155605158357.0  
687.5  155756434897.0  
687.75  155908151810.0  
688.0  156060366186.0  
688.25  156212283671.0  
688.5  156364813852.0  
688.75  156518016600.0  
689.0  156671955064.0  
689.25  156978997711.0  
689.5  157425599248.0  
689.75  157874161437.0  
690.0  158324738200.0  
690.25  158601319139.0  
690.5  158878983706.0  
690.75  159157775612.0  
691.0  159437729960.0  
691.25  159738195571.0  
691.5  160123320757.0  
691.75  160509833205.0  
692.0  160897750272.0  
692.25  161287221729.0  
692.5  161678108340.0  
692.75  162070403225.0  
693.0  162464095238.0  
693.25  163233732663.0  
693.5  163975455521.0  
693.75  164716041949.0  
694.0  165461367772.0  
694.25  166214962781.0  
694.5  166973325358.0  
694.75  167736435418.0  
695.0  168504265848.0  
695.25  169226467221.0  
695.5  169804219103.0  
695.75  170241358075.0  
696.0  170680688623.0  
696.25  170631827774.0  
696.5  170583156080.0  
696.75  170534594862.0  
697.0  170486066962.0  
697.25  170436161383.0  
697.5  170379025509.0  
697.75  170286913983.0  
698.0  170194554817.0  
698.25  170100527907.0  
698.5  170006128366.0  
698.75  169911301730.0  
699.0  169815998597.0  
699.25  169718810314.0  
699.5  169621072424.0  
699.75  169536417603.0  
700.0  169453952114.0  
700.25  169774824248.0  
700.5  170096042629.0  
700.75  170417607648.0  
701.0  170739525287.0  
701.25  171059659104.0  
701.5  171380169797.0  
701.75  171744863462.0  
702.0  172155609735.0  
702.25  172328292601.0  
702.5  172500635606.0  
702.75  172672692773.0  
703.0  172844518796.0  
703.25  173015778188.0  
703.5  173186924674.0  
703.75  173331362430.0  
704.0  173327285430.0  
704.25  173322560599.0  
704.5  173317642038.0  
704.75  173312594862.0  
705.0  173307477770.0  
705.25  172871203324.0  
705.5  172436871157.0  
705.75  172004518608.0  
706.0  171602961675.0  
706.25  171201078668.0  
706.5  170801208830.0  
706.75  170403364969.0  
707.0  170007552094.0  
707.25  169604741728.0  
707.5  169204031578.0  
707.75  168805418233.0  
708.0  168377303938.0  
708.25  168167405089.0  
708.5  167958003647.0  
708.75  167749081354.0  
709.0  167540610372.0  
709.25  167329509236.0  
709.5  167118818334.0  
709.75  166908508293.0  
710.0  166681380567.0  
710.25  167180382966.0  
710.5  167683450618.0  
710.75  168190612919.0  
711.0  168701884081.0  
711.25  169206033890.0  
711.5  169714163531.0  
711.75  170226292674.0  
712.0  170742441647.0  
712.25  171255005999.0  
712.5  171772457296.0  
712.75  172293878610.0  
713.0  172819293708.0  
713.25  173337339451.0  
713.5  173859267262.0  
713.75  174385103773.0  
714.0  174914878061.0  
714.25  174632564891.0  
714.5  174258992360.0  
714.75  173884418227.0  
715.0  173508827598.0  
715.25  172427293032.0  
715.5  171353304832.0  
715.75  170286760155.0  
716.0  169227563261.0  
716.25  168175656514.0  
716.5  167218062752.0  
716.75  166267114058.0  
717.0  165322727184.0  
717.25  164844540345.0  
717.5  164366538251.0  
717.75  163888721441.0  
718.0  163411087546.0  
718.25  162930408430.0  
718.5  162540156704.0  
718.75  162175689494.0  
719.0  161811321770.0  
719.25  161443791845.0  
719.5  161076404653.0  
719.75  160709172431.0  
720.0  160342105137.0  
720.25  160302555694.0  
720.5  160328448999.0  
720.75  160438402970.0  
721.0  160548153732.0  
721.25  160657991205.0  
721.5  160767670000.0  
721.75  160877215329.0  
722.0  160986646131.0  
722.25  161096258245.0  
722.5  161195267663.0  
722.75  161199446503.0  
723.0  161203280052.0  
723.25  161207061185.0  
723.5  161210532270.0  
723.75  161213707807.0  
724.0  161216594946.0  
724.25  161219477671.0  
724.5  161222087581.0  
724.75  161294490274.0  
725.0  161388864566.0  
725.25  161214874677.0  
725.5  161040959501.0  
725.75  160867111880.0  
726.0  160693323390.0  
726.25  160517818416.0  
726.5  160342362705.0  
726.75  160267676956.0  
727.0  160330971079.0  
727.25  160392408017.0  
727.5  160453782072.0  
727.75  160515087076.0  
728.0  160576317196.0  
728.25  160635634288.0  
728.5  160694892258.0  
728.75  160746307549.0  
729.0  160711429829.0  
729.25  161020088900.0  
729.5  161329592786.0  
729.75  161639971796.0  
730.0  161951264232.0  
730.25  162351942402.0  
730.5  162754308312.0  
730.75  163158421570.0  
731.0  163555132663.0  
731.25  163954241298.0  
731.5  164355276168.0  
731.75  164758313454.0  
732.0  165163431897.0  
732.25  165574586721.0  
732.5  165988008780.0  
732.75  166403780142.0  
733.0  166791642647.0  
733.25  167141103615.0  
733.5  167492780522.0  
733.75  167846734619.0  
734.0  168203023494.0  
734.25  168565856865.0  
734.5  168931152762.0  
734.75  169298948568.0  
735.0  169673431475.0  
735.25  170476496732.0  
735.5  171287520314.0  
735.75  172106588147.0  
736.0  172933774960.0  
736.25  173758421233.0  
736.5  174591104593.0  
736.75  175431872164.0  
737.0  176280758938.0  
737.25  177077338324.0  
737.5  177862609355.0  
737.75  178655152885.0  
738.0  179454959276.0  
738.25  180150120794.0  
738.5  180850646055.0  
738.75  181556479642.0  
739.0  182267563489.0  
739.25  182888629533.0  
739.5  183377942250.0  
739.75  183870183412.0  
740.0  184365274044.0  
740.25  184411879220.0  
740.5  184457500290.0  
740.75  184502041302.0  
741.0  184545410880.0  
741.25  184905466373.0  
741.5  185308516502.0  
741.75  185712617980.0  
742.0  186117738166.0  
742.25  186527061060.0  
742.5  186937388795.0  
742.75  187348713317.0  
743.0  187761034510.0  
743.25  188177667244.0  
743.5  188659093247.0  
743.75  189168363843.0  
744.0  189679452814.0  
744.25  189758120092.0  
744.5  189835526830.0  
744.75  189911714683.0  
745.0  189986728044.0  
745.25  190037343960.0  
745.5  190065010740.0  
745.75  190054309037.0  
746.0  190042421111.0  
746.25  190030453145.0  
746.5  190017408984.0  
746.75  190003343986.0  
747.0  189988305925.0  
747.25  189973407277.0  
747.5  189956348645.0  
747.75  189897812867.0  
748.0  189838371847.0  
748.25  189779147439.0  
748.5  189719105981.0  
748.75  189658286758.0  
749.0  189596730885.0  
749.25  189535560100.0  
749.5  189473707456.0  
749.75  189225578411.0  
750.0  188893417796.0  
750.25  188858331749.0  
750.5  188822350736.0  
750.75  188785503994.0  
751.0  188747819142.0  
751.25  188707461505.0  
751.5  188666296648.0  
751.75  188482283716.0  
752.0  188034841857.0  
752.25  187582417335.0  
752.5  187126873475.0  
752.75  186668220818.0  
753.0  186206472924.0  
753.25  185567020236.0  
753.5  184924824020.0  
753.75  184273985053.0  
754.0  183180064254.0  
754.25  182080484623.0  
754.5  180976399484.0  
754.75  179867815541.0  
755.0  178754734765.0  
755.25  177169267009.0  
755.5  175586200011.0  
755.75  174005535411.0  
756.0  172050730085.0  
756.25  170357426018.0  
756.5  168657413674.0  
756.75  166950656172.0  
757.0  165237114851.0  
757.25  163521185963.0  
757.5  161798304837.0  
757.75  160068421255.0  
758.0  158361886236.0  
758.25  156713232365.0  
758.5  155057694299.0  
758.75  153395200476.0  
759.0  151725679179.0  
759.25  149654649775.0  
759.5  147586072831.0  
759.75  145519895063.0  
760.0  143456064159.0  
760.25  142995193466.0  
760.5  142533413071.0  
760.75  142066989684.0  
761.0  141595827154.0  
761.25  141107175786.0  
761.5  140613568820.0  
761.75  140114905239.0  
762.0  139611085676.0  
762.25  140149965190.0  
762.5  141249445176.0  
762.75  142358351510.0  
763.0  143476771333.0  
763.25  144592256605.0  
763.5  145717135224.0  
763.75  146851496603.0  
764.0  147995442220.0  
764.25  149462867742.0  
764.5  151647229442.0  
764.75  153850551971.0  
765.0  156073058869.0  
765.25  157656758687.0  
765.5  159241574183.0  
765.75  160827515535.0  
766.0  162414592642.0  
766.25  164001950528.0  
766.5  165545190463.0  
766.75  167088603602.0  
767.0  168633215770.0  
767.25  170178122032.0  
767.5  171724298500.0  
767.75  173271795800.0  
768.0  174820662481.0  
768.25  176069331401.0  
768.5  177173469297.0  
768.75  178195489556.0  
769.0  179215564224.0  
769.25  180224224443.0  
769.5  181230976669.0  
769.75  182235870980.0  
770.0  183238950659.0  
770.25  184931251893.0  
770.5  186429579079.0  
770.75  187462877174.0  
771.0  188501235304.0  
771.25  190003406172.0  
771.5  191519637076.0  
771.75  193050064695.0  
772.0  194594812738.0  
772.25  196151925927.0  
772.5  197723532909.0  
772.75  198871109410.0  
773.0  200011169479.0  
773.25  201159210253.0  
773.5  202317348929.0  
773.75  203485590888.0  
774.0  204663930773.0  
774.25  205827975027.0  
774.5  207001590806.0  
774.75  208018986920.0  
775.0  208943031539.0  
775.25  209513266447.0  
775.5  210085130284.0  
775.75  210658502468.0  
776.0  211233280654.0  
776.25  211815945139.0  
776.5  212399923003.0  
776.75  212941825769.0  
777.0  213374467087.0  
777.25  213029576802.0  
777.5  212683065312.0  
777.75  212334938608.0  
778.0  211985215983.0  
778.25  211631770628.0  
778.5  211276842983.0  
778.75  210920511961.0  
779.0  210771191072.0  
779.25  210630706324.0  
779.5  210488955099.0  
779.75  210346069403.0  
780.0  210202196126.0  
780.25  210062543350.0  
780.5  209922200910.0  
780.75  209781324655.0  
781.0  209426293180.0  
781.25  208929148687.0  
781.5  208432298515.0  
781.75  207935902461.0  
782.0  207440115441.0  
782.25  206942682222.0  
782.5  206446160290.0  
782.75  205950676840.0  
783.0  205528622639.0  
783.25  205918260778.0  
783.5  206310256399.0  
783.75  206704708441.0  
784.0  207101715542.0  
784.25  207507219074.0  
784.5  207915468289.0  
784.75  208326515645.0  
785.0  208740401029.0  
785.25  209660950484.0  
785.5  210577405962.0  
785.75  211504891844.0  
786.0  212443567818.0  
786.25  213002300521.0  
786.5  213566035261.0  
786.75  214134772578.0  
787.0  214708503405.0  
787.25  215299940428.0  
787.5  215912829354.0  
787.75  216530865713.0  
788.0  217154035980.0  
788.25  217771691880.0  
788.5  218394282651.0  
788.75  219021774305.0  
789.0  219654137917.0  
789.25  220230847013.0  
789.5  220858797673.0  
789.75  221491045071.0  
790.0  222127556893.0  
790.25  221760944780.0  
790.5  221394741992.0  
790.75  221028874374.0  
791.0  220663280306.0  
791.25  220292633123.0  
791.5  219801881629.0  
791.75  219299376176.0  
792.0  218797124956.0  
792.25  218429947348.0  
792.5  218062245997.0  
792.75  217694006420.0  
793.0  217325222970.0  
793.25  216953742726.0  
793.5  216474471165.0  
793.75  215913717788.0  
794.0  215352463639.0  
794.25  214788547223.0  
794.5  214224248367.0  
794.75  213659608558.0  
795.0  213094680636.0  
795.25  212364159839.0  
795.5  211423841165.0  
795.75  209782469535.0  
796.0  208143633023.0  
796.25  206498967831.0  
796.5  204857128206.0  
796.75  203218180408.0  
797.0  201582193602.0  
797.25  199940689651.0  
797.5  198302447731.0  
797.75  199023847335.0  
798.0  200031201193.0  
798.25  201322682385.0  
798.5  202616675751.0  
798.75  203913265088.0  
799.0  205212532723.0  
799.25  206515613723.0  
799.5  207821509390.0  
799.75  208340286187.0  
800.0  208220605332.0  
800.25  209130757219.0  
800.5  210051171351.0  
800.75  210981997700.0  
801.0  211923375750.0  
801.25  212099538871.0  
801.5  212277087622.0  
801.75  212429475301.0  
802.0  212485135262.0  
802.25  212547551070.0  
802.5  212610591389.0  
802.75  212674169340.0  
803.0  212738183424.0  
803.25  212808836977.0  
803.5  212879766148.0  
803.75  212950869831.0  
804.0  212936270868.0  
804.25  212915404262.0  
804.5  212893971119.0  
804.75  212871864800.0  
805.0  212848991533.0  
805.25  213418457257.0  
805.5  213992157217.0  
805.75  214570075786.0  
806.0  215210221740.0  
806.25  215902626284.0  
806.5  216600349633.0  
806.75  217303439170.0  
807.0  218011953373.0  
807.25  217411306129.0  
807.5  216811370536.0  
807.75  216212180990.0  
808.0  215607128999.0  
808.25  214976669552.0  
808.5  214347178327.0  
808.75  213718741213.0  
809.0  213091452932.0  
809.25  212466396453.0  
809.5  211842704550.0  
809.75  211220505688.0  
810.0  210599928133.0  
810.25  210619530014.0  
810.5  210613036537.0  
810.75  210606602343.0  
811.0  210600375394.0  
811.25  210596569805.0  
811.5  210593274391.0  
811.75  210590629797.0  
812.0  210588764619.0  
812.25  210569450690.0  
812.5  210531932923.0  
812.75  210495289949.0  
813.0  210459602214.0  
813.25  210521151587.0  
813.5  210584309917.0  
813.75  210649112466.0  
814.0  210715570622.0  
814.25  210791292295.0  
814.5  210892004492.0  
814.75  210994518707.0  
815.0  211098761580.0  
815.25  210799061322.0  
815.5  210499571506.0  
815.75  210200140357.0  
816.0  209900603362.0  
816.25  209291087542.0  
816.5  208899439055.0  
816.75  208549914500.0  
817.0  208200782876.0  
817.25  207850191503.0  
817.5  207499504792.0  
817.75  207148460011.0  
818.0  206796796766.0  
818.25  206442598532.0  
818.5  206086723640.0  
818.75  205728910685.0  
819.0  205369436848.0  
819.25  205274309946.0  
819.5  205176582347.0  
819.75  205076024125.0  
820.0  204972417650.0  
820.25  205363902929.0  
820.5  205778540563.0  
820.75  206316791740.0  
821.0  206855321057.0  
821.25  207394918112.0  
821.5  207934597105.0  
821.75  208474296941.0  
822.0  209013976960.0  
822.25  209507424037.0  
822.5  210000313553.0  
822.75  210590989803.0  
823.0  211203290179.0  
823.25  211817005068.0  
823.5  212431371273.0  
823.75  213046524196.0  
824.0  213662623258.0  
824.25  214280761856.0  
824.5  214900229362.0  
824.75  215455796608.0  
825.0  215942323477.0  
825.25  216154820785.0  
825.5  216366131887.0  
825.75  216576469848.0  
826.0  216786057484.0  
826.25  216999088339.0  
826.5  217211830786.0  
826.75  217449589597.0  
827.0  217837247255.0  
827.25  218230208299.0  
827.5  218624617240.0  
827.75  219020658062.0  
828.0  219418497852.0  
828.25  219727145315.0  
828.5  220037206889.0  
828.75  220348801787.0  
829.0  220526495647.0  
829.25  220675797718.0  
829.5  220826138504.0  
829.75  220977566370.0  
830.0  221130111443.0  
830.25  221504662916.0  
830.5  221881877329.0  
830.75  222261744262.0  
831.0  222789512817.0  
831.25  223680669130.0  
831.5  224579097769.0  
831.75  225484830944.0  
832.0  226397898249.0  
832.25  227319166406.0  
832.5  228247838732.0  
832.75  229183948605.0  
833.0  230103160868.0  
833.25  230861493664.0  
833.5  231625777553.0  
833.75  232396081679.0  
834.0  233172479151.0  
834.25  233787880872.0  
834.5  234407385311.0  
834.75  235031065302.0  
835.0  235659019562.0  
835.25  236406318443.0  
835.5  237129488372.0  
835.75  237859082755.0  
836.0  238595307061.0  
836.25  239331530593.0  
836.5  240074696004.0  
836.75  240825024422.0  
837.0  241582745320.0  
837.25  242994826553.0  
837.5  244544670696.0  
837.75  246116828631.0  
838.0  247711902340.0  
838.25  249319242926.0  
838.5  250950449775.0  
838.75  252606166976.0  
839.0  254287038136.0  
839.25  255969743159.0  
839.5  257578009738.0  
839.75  259211364314.0  
840.0  260870417283.0  
840.25  260585531737.0  
840.5  260304038608.0  
840.75  260025973803.0  
841.0  259751343302.0  
841.25  259476641130.0  
841.5  259081373001.0  
841.75  258652431430.0  
842.0  258226812188.0  
842.25  257800844878.0  
842.5  257378068237.0  
842.75  256958400795.0  
843.0  256541744699.0  
843.25  255651735059.0  
843.5  254772004528.0  
843.75  253903634019.0  
844.0  253041491332.0  
844.25  252169715248.0  
844.5  251303962528.0  
844.75  250444010698.0  
845.0  249589641950.0  
845.25  249630373023.0  
845.5  249674113518.0  
845.75  249737736668.0  
846.0  249802128389.0  
846.25  250543717041.0  
846.5  251291170968.0  
846.75  252044303143.0  
847.0  252802877356.0  
847.25  253563733781.0  
847.5  254329488164.0  
847.75  255091148536.0  
848.0  255854205599.0  
848.25  256618215180.0  
848.5  257385814879.0  
848.75  258156676800.0  
849.0  258930461816.0  
849.25  259562003222.0  
849.5  260193900845.0  
849.75  260782814764.0  
850.0  261309753221.0  
850.25  261624019316.0  
850.5  261934229068.0  
850.75  262240003530.0  
851.0  262540980963.0  
851.25  262839313862.0  
851.5  263132226949.0  
851.75  263430333879.0  
852.0  263858602109.0  
852.25  264088048705.0  
852.5  264310746692.0  
852.75  264526580619.0  
853.0  264735482203.0  
853.25  264939327063.0  
853.5  265136281525.0  
853.75  265326446340.0  
854.0  265477985713.0  
854.25  265613325192.0  
854.5  265742320598.0  
854.75  265865299693.0  
855.0  265982650756.0  
855.25  265425200221.0  
855.5  264863051882.0  
855.75  264296726122.0  
856.0  263778966394.0  
856.25  263334964431.0  
856.5  262888484069.0  
856.75  262440151334.0  
857.0  261990593143.0  
857.25  261537637860.0  
857.5  261084683748.0  
857.75  260632323564.0  
858.0  260196702468.0  
858.25  260151202378.0  
858.5  260107539382.0  
858.75  260066162455.0  
859.0  260027458331.0  
859.25  259992059824.0  
859.5  259959948952.0  
859.75  259931338694.0  
860.0  259906371526.0  
860.25  260041523020.0  
860.5  260105580427.0  
860.75  260173304279.0  
861.0  260244561696.0  
861.25  260174895701.0  
861.5  260107952655.0  
861.75  260043405491.0  
862.0  259980869526.0  
862.25  259874093717.0  
862.5  259687971301.0  
862.75  259502107254.0  
863.0  259315960781.0  
863.25  259132135934.0  
863.5  258946910295.0  
863.75  258759718332.0  
864.0  258570012279.0  
864.25  258663596442.0  
864.5  258908624251.0  
864.75  259151060424.0  
865.0  259390478567.0  
865.25  260210529695.0  
865.5  261032852716.0  
865.75  261857213429.0  
866.0  262683434926.0  
866.25  263507474907.0  
866.5  264391688181.0  
866.75  265303203521.0  
867.0  266217124054.0  
867.25  267343265618.0  
867.5  268475683011.0  
867.75  269614653642.0  
868.0  270760496778.0  
868.25  271908622989.0  
868.5  273073089331.0  
868.75  274261251944.0  
869.0  275457970815.0  
869.25  276658562534.0  
869.5  277868438562.0  
869.75  279087992187.0  
870.0  280317621679.0  
870.25  280751184130.0  
870.5  281181549690.0  
870.75  281493708480.0  
871.0  281804959840.0  
871.25  282123065187.0  
871.5  282440397037.0  
871.75  282756946922.0  
872.0  283072683086.0  
872.25  283395516027.0  
872.5  283717504722.0  
872.75  283977476304.0  
873.0  284207783963.0  
873.25  285134954739.0  
873.5  286069106322.0  
873.75  287010413301.0  
874.0  287959100472.0  
874.25  288931802067.0  
874.5  289912852273.0  
874.75  290943433288.0  
875.0  292061927925.0  
875.25  292114043158.0  
875.5  292165975256.0  
875.75  292218342640.0  
876.0  292271853100.0  
876.25  290947499232.0  
876.5  289633576401.0  
876.75  288330456218.0  
877.0  286953646127.0  
877.25  285554047473.0  
877.5  284169254046.0  
877.75  282800067628.0  
878.0  281447260764.0  
878.25  280074171281.0  
878.5  278719428225.0  
878.75  277383607041.0  
879.0  276277752341.0  
879.25  274559456830.0  
879.5  272872899973.0  
879.75  271217875937.0  
880.0  269594028180.0  
880.25  269933889042.0  
880.5  270287310332.0  
880.75  270653668205.0  
881.0  270943627386.0  
881.25  271055722468.0  
881.5  271178020798.0  
881.75  271309536724.0  
882.0  271449126236.0  
882.25  272822615182.0  
882.5  274217772507.0  
882.75  275633410972.0  
883.0  277068226442.0  
883.25  278528348964.0  
883.5  280004992267.0  
883.75  281496204496.0  
884.0  283000370147.0  
884.25  284492498003.0  
884.5  285993772565.0  
884.75  287502593599.0  
885.0  289017425805.0  
885.25  287699485578.0  
885.5  286167067637.0  
885.75  284623970531.0  
886.0  283069387158.0  
886.25  281492321950.0  
886.5  279903059744.0  
886.75  278301516670.0  
887.0  276687891891.0  
887.25  275180443111.0  
887.5  273947296616.0  
887.75  272702241192.0  
888.0  271446319017.0  
888.25  272621769056.0  
888.5  273799427644.0  
888.75  274980981587.0  
889.0  276168337622.0  
889.25  277397747777.0  
889.5  278796955070.0  
889.75  280216717157.0  
890.0  281654872543.0  
890.25  283898391919.0  
890.5  286190436333.0  
890.75  288535037277.0  
891.0  290936356479.0  
891.25  289596088927.0  
891.5  288077425616.0  
891.75  286466038561.0  
892.0  284879784952.0  
892.25  283323228225.0  
892.5  281794999882.0  
892.75  280296409365.0  
893.0  278828545809.0  
893.25  277395009302.0  
893.5  275973282679.0  
893.75  274534907323.0  
894.0  273129497609.0  
894.25  275309239826.0  
894.5  277562073529.0  
894.75  279889966049.0  
895.0  282294719000.0  
895.25  284615389495.0  
895.5  287009580532.0  
895.75  289226019193.0  
896.0  291498965425.0  
896.25  293842297201.0  
896.5  296254872617.0  
896.75  298736550685.0  
897.0  301287035438.0  
897.25  299597251529.0  
897.5  297924081603.0  
897.75  296060337251.0  
898.0  294079194159.0  
898.25  292105856771.0  
898.5  290137517487.0  
898.75  288171113061.0  
899.0  286203695851.0  
899.25  284232137884.0  
899.5  282254107396.0  
899.75  280443678119.0  
900.0  279087368992.0  

