#Wavelength CBP Cal in W/A
370 0.0490
380 0.0642
390 0.0685
400 0.1158
401 0.1169
402 0.1125
403 0.1120
404 0.1109
405 0.1104
406 0.1097
407 0.1092
408 0.1085
409 0.1082
410 0.1076
411 0.1073
412 0.1069
413 0.1064
414 0.1062
415 0.1058
416 0.1054
417 0.1049
418 0.1045
419 0.1042
420 0.1036
421 0.1031
422 0.1030
423 0.1026
424 0.1024
425 0.1021
426 0.1019
427 0.1016
428 0.1012
429 0.1008
430 0.1005
431 0.1004
432 0.1000
433 0.0998
434 0.0995
435 0.0992
436 0.0988
437 0.0986
438 0.0985
439 0.0983
440 0.0979
441 0.0977
442 0.0975
443 0.0972
444 0.0970
445 0.0968
446 0.0966
447 0.0965
448 0.0963
449 0.0961
450 0.0958
451 0.0956
452 0.0954
453 0.0951
454 0.0948
455 0.0948
456 0.0946
457 0.0944
458 0.0943
459 0.0940
460 0.0939
461 0.0937
462 0.0936
463 0.0932
464 0.0930
465 0.0930
466 0.0926
467 0.0927
468 0.0923
469 0.0924
470 0.0920
471 0.0921
472 0.0916
473 0.0915
474 0.0913
475 0.0913
476 0.0909
477 0.0909
478 0.0905
479 0.0907
480 0.0902
481 0.0905
482 0.0900
483 0.0901
484 0.0897
485 0.0897
486 0.0896
487 0.0892
488 0.0894
489 0.0888
490 0.0889
491 0.0886
492 0.0883
493 0.0885
494 0.0879
495 0.0879
496 0.0880
497 0.0875
498 0.0877
499 0.0875
500 0.0870
501 0.0873
502 0.0869
503 0.0864
504 0.0867
505 0.0865
506 0.0858
507 0.0862
508 0.0861
509 0.0855
510 0.0857
511 0.0858
512 0.0851
513 0.0849
514 0.0853
515 0.0850
516 0.0843
517 0.0842
518 0.0845
519 0.0842
520 0.0834
521 0.0837
522 0.0841
523 0.0836
524 0.0830
525 0.0829
526 0.0832
527 0.0833
528 0.0828
529 0.0823
530 0.0822
531 0.0825
532 0.0827
533 0.0820
534 0.0814
535 0.0813
536 0.0814
537 0.0817
538 0.0816
539 0.0811
540 0.0806
541 0.0804
542 0.0805
543 0.0807
544 0.0807
545 0.0805
546 0.0801
547 0.0795
548 0.0792
549 0.0791
550 0.0792
551 0.0794
552 0.0793
553 0.0792
554 0.0790
555 0.0787
556 0.0783
557 0.0780
558 0.0777
559 0.0775
560 0.0775
561 0.0774
562 0.0774
563 0.0774
564 0.0773
565 0.0773
566 0.0771
567 0.0770
568 0.0767
569 0.0766
570 0.0764
571 0.0762
572 0.0759
573 0.0757
574 0.0754
575 0.0752
576 0.0752
577 0.0750
578 0.0747
579 0.0745
580 0.0743
581 0.0743
582 0.0740
583 0.0739
584 0.0738
585 0.0736
586 0.0736
587 0.0735
588 0.0734
589 0.0733
590 0.0731
591 0.0731
592 0.0730
593 0.0729
594 0.0727
595 0.0725
596 0.0723
597 0.0721
598 0.0718
599 0.0716
600 0.0713
601 0.0712
602 0.0710
603 0.0709
604 0.0708
605 0.0708
606 0.0707
607 0.0707
608 0.0706
609 0.0704
610 0.0702
611 0.0699
612 0.0697
613 0.0695
614 0.0694
615 0.0693
616 0.0693
617 0.0692
618 0.0690
619 0.0688
620 0.0686
621 0.0683
622 0.0681
623 0.0681
624 0.0680
625 0.0680
626 0.0678
627 0.0675
628 0.0673
629 0.0672
630 0.0671
631 0.0670
632 0.0668
633 0.0667
634 0.0665
635 0.0663
636 0.0662
637 0.0661
638 0.0661
639 0.0659
640 0.0657
641 0.0655
642 0.0654
643 0.0654
644 0.0652
645 0.0651
646 0.0648
647 0.0648
648 0.0646
649 0.0645
650 0.0644
651 0.0642
652 0.0640
653 0.0638
654 0.0637
655 0.0635
656 0.0634
657 0.0633
658 0.0633
659 0.0631
660 0.0629
661 0.0627
662 0.0626
663 0.0625
664 0.0624
665 0.0623
666 0.0621
667 0.0621
668 0.0619
669 0.0616
670 0.0615
671 0.0614
672 0.0613
673 0.0612
674 0.0611
675 0.0609
676 0.0605
677 0.0607
678 0.0605
679 0.0603
680 0.0602
681 0.0601
682 0.0602
683 0.0596
684 0.0597
685 0.0594
686 0.0595
687 0.0594
688 0.0590
689 0.0589
690 0.0588
691 0.0584
692 0.0583
693 0.0583
694 0.0581
695 0.0580
696 0.0579
697 0.0578
698 0.0575
699 0.0579
700 0.0570
701 0.0571
702 0.0568
703 0.0569
704 0.0569
705 0.0565
706 0.0564
707 0.0562
708 0.0557
709 0.0556
710 0.0556
711 0.0552
712 0.0553
713 0.0553
714 0.0550
715 0.0548
716 0.0548
717 0.0544
718 0.0537
719 0.0533
720 0.0522
721 0.0522
722 0.0522
723 0.0524
724 0.0524
725 0.0532
726 0.0529
727 0.0526
728 0.0527
729 0.0525
730 0.0525
731 0.0523
732 0.0522
733 0.0521
734 0.0520
735 0.0517
736 0.0516
737 0.0515
738 0.0513
739 0.0511
740 0.0510
741 0.0507
742 0.0507
743 0.0503
744 0.0501
745 0.0501
746 0.0499
747 0.0496
748 0.0497
749 0.0496
750 0.0495
751 0.0494
752 0.0493
753 0.0491
754 0.0490
755 0.0488
756 0.0486
757 0.0486
758 0.0485
759 0.0485
760 0.0482
761 0.0482
762 0.0481
763 0.0478
764 0.0477
765 0.0476
766 0.0476
767 0.0474
768 0.0475
769 0.0473
770 0.0472
771 0.0471
772 0.0469
773 0.0468
774 0.0465
775 0.0465
776 0.0464
777 0.0463
778 0.0463
779 0.0460
780 0.0461
781 0.0457
782 0.0459
783 0.0456
784 0.0457
785 0.0454
786 0.0454
787 0.0453
788 0.0451
789 0.0452
790 0.0449
791 0.0451
792 0.0446
793 0.0449
794 0.0444
795 0.0447
796 0.0441
797 0.0445
798 0.0440
799 0.0442
800 0.0436
801 0.0431
802 0.0426
803 0.0428
804 0.0423
805 0.0424
806 0.0431
807 0.0429
808 0.0429
809 0.0429
810 0.0432
811 0.0427
812 0.0431
813 0.0425
814 0.0429
815 0.0423
816 0.0427
817 0.0422
818 0.0426
819 0.0420
820 0.0424
821 0.0418
822 0.0421
823 0.0416
824 0.0418
825 0.0415
826 0.0416
827 0.0414
828 0.0414
829 0.0413
830 0.0411
831 0.0412
832 0.0408
833 0.0411
834 0.0406
835 0.0410
836 0.0404
837 0.0409
838 0.0403
839 0.0408
840 0.0401
841 0.0407
842 0.0400
843 0.0405
844 0.0397
845 0.0403
846 0.0394
847 0.0401
848 0.0392
849 0.0400
850 0.0392
851 0.0397
852 0.0392
853 0.0393
854 0.0392
855 0.0389
856 0.0392
857 0.0385
858 0.0391
859 0.0383
860 0.0390
861 0.0384
862 0.0386
863 0.0384
864 0.0382
865 0.0383
866 0.0377
867 0.0383
868 0.0375
869 0.0381
870 0.0373
871 0.0377
872 0.0373
873 0.0372
874 0.0374
875 0.0368
876 0.0375
877 0.0366
878 0.0375
879 0.0367
880 0.0372
881 0.0367
882 0.0368
883 0.0367
884 0.0365
885 0.0366
886 0.0363
887 0.0365
888 0.0362
889 0.0362
890 0.0362
891 0.0358
892 0.0362
893 0.0357
894 0.0358
895 0.0356
896 0.0355
897 0.0354
898 0.0352
899 0.0353
900 0.0351
901 0.0350
902 0.0347
903 0.0347
904 0.0344
905 0.0343
906 0.0342
907 0.0340
908 0.0341
909 0.0339
910 0.0337
911 0.0335
912 0.0334
913 0.0330
914 0.0333
915 0.0328
916 0.0330
917 0.0331
918 0.0329
919 0.0332
920 0.0333
921 0.0333
922 0.0333
923 0.0334
924 0.0331
925 0.0334
926 0.0331
927 0.0330
928 0.0333
929 0.0327
930 0.0332
931 0.0330
932 0.0326
933 0.0333
934 0.0323
935 0.0325
936 0.0327
937 0.0316
938 0.0325
939 0.0322
940 0.0317
941 0.0327
942 0.0317
943 0.0318
944 0.0326
945 0.0313
946 0.0321
947 0.0320
948 0.0311
949 0.0322
950 0.0313
951 0.0313
952 0.0320
953 0.0308
954 0.0313
955 0.0314
956 0.0306
957 0.0314
958 0.0308
959 0.0307
960 0.0314
961 0.0306
962 0.0311
963 0.0310
964 0.0304
965 0.0314
966 0.0303
967 0.0302
968 0.0314
969 0.0298
970 0.0303
971 0.0314
972 0.0295
973 0.0306
974 0.0310
975 0.0293
976 0.0307
977 0.0307
978 0.0293
979 0.0309
980 0.0303
981 0.0292
982 0.0309
983 0.0300
984 0.0291
985 0.0309
986 0.0296
987 0.0290
988 0.0311
989 0.0295
990 0.0289
991 0.0311
992 0.0295
993 0.0288
994 0.0311
995 0.0295
996 0.0289
997 0.0312
998 0.0295
999 0.0295
1000 0.0310
